baseline value,accelerations,fetal_movement,uterine_contractions,light_decelerations,severe_decelerations,prolongued_decelerations,abnormal_short_term_variability,mean_value_of_short_term_variability,percentage_of_time_with_abnormal_long_term_variability,mean_value_of_long_term_variability,histogram_width,histogram_min,histogram_max,histogram_number_of_peaks,histogram_number_of_zeroes,histogram_mode,histogram_mean,histogram_median,histogram_variance,histogram_tendency,fetal_health
148.0,0.0,0.012,0.0,0.0,0.0,0.0,75.0,0.2,84.0,2.9,7.0,145.0,152.0,1.0,0.0,148.0,148.0,149.0,0.0,0.0,3.0
121.0,0.0,0.0,0.008,0.008,0.0,0.0,28.0,1.4,0.0,5.7,67.0,70.0,137.0,2.0,1.0,114.0,112.0,116.0,21.0,1.0,1.0
136.0,0.0,0.0,0.008,0.007,0.0,0.0,32.0,1.3,0.0,12.9,92.0,71.0,163.0,4.0,0.0,133.0,133.0,137.0,19.0,1.0,1.0
120.0,0.0,0.013,0.0,0.0,0.0,0.0,51.0,0.8,0.0,14.8,77.0,56.0,133.0,5.0,0.0,123.0,122.0,124.0,2.0,1.0,1.0
146.0,0.005,0.0,0.005,0.001,0.0,0.0,27.0,1.5,0.0,14.4,55.0,119.0,174.0,5.0,0.0,155.0,152.0,155.0,8.0,0.0,1.0
142.0,0.0,0.003,0.0,0.0,0.0,0.0,40.0,1.1,12.0,10.8,97.0,57.0,154.0,2.0,0.0,148.0,144.0,147.0,4.0,1.0,1.0
146.0,0.0,0.004,0.0,0.0,0.0,0.0,79.0,0.2,56.0,4.3,12.0,137.0,149.0,1.0,0.0,144.0,143.0,145.0,0.0,0.0,2.0
133.0,0.0,0.001,0.006,0.003,0.0,0.003,60.0,2.2,0.0,5.0,105.0,60.0,165.0,5.0,0.0,100.0,104.0,108.0,52.0,0.0,3.0
141.0,0.001,0.02,0.001,0.001,0.0,0.0,56.0,0.5,17.0,7.4,51.0,121.0,172.0,4.0,0.0,154.0,148.0,152.0,7.0,0.0,2.0
125.0,0.0,0.001,0.009,0.009,0.0,0.0,63.0,1.6,0.0,1.7,70.0,68.0,138.0,4.0,0.0,130.0,116.0,124.0,32.0,1.0,1.0
110.0,0.0,0.0,0.005,0.0,0.0,0.0,64.0,0.6,0.0,12.0,30.0,98.0,128.0,1.0,0.0,110.0,111.0,112.0,1.0,0.0,1.0
146.0,0.0,0.0,0.005,0.0,0.0,0.0,69.0,0.3,55.0,4.6,11.0,145.0,156.0,0.0,0.0,152.0,150.0,152.0,0.0,0.0,2.0
134.0,0.0,0.0,0.004,0.007,0.0,0.0,37.0,1.1,22.0,2.9,93.0,50.0,143.0,5.0,0.0,138.0,129.0,136.0,31.0,1.0,1.0
146.0,0.0,0.0,0.008,0.001,0.0,0.0,28.0,1.5,11.0,22.3,82.0,92.0,174.0,6.0,1.0,150.0,147.0,150.0,8.0,1.0,1.0
130.0,0.008,0.014,0.006,0.0,0.0,0.0,34.0,2.1,0.0,17.2,118.0,52.0,170.0,5.0,0.0,159.0,146.0,151.0,39.0,1.0,1.0
147.0,0.013,0.0,0.01,0.0,0.0,0.0,36.0,1.2,0.0,4.8,42.0,132.0,174.0,2.0,0.0,157.0,157.0,158.0,2.0,0.0,1.0
110.0,0.003,0.002,0.006,0.006,0.0,0.002,68.0,3.1,0.0,0.0,133.0,60.0,193.0,8.0,0.0,91.0,82.0,95.0,42.0,-1.0,3.0
123.0,0.012,0.003,0.006,0.0,0.0,0.0,55.0,2.2,0.0,2.4,75.0,85.0,160.0,8.0,0.0,135.0,132.0,136.0,8.0,1.0,1.0
120.0,0.003,0.0,0.002,0.001,0.0,0.0,46.0,1.5,11.0,19.0,132.0,57.0,189.0,9.0,0.0,125.0,123.0,126.0,15.0,0.0,1.0
136.0,0.001,0.0,0.005,0.0,0.0,0.0,61.0,0.5,48.0,8.0,31.0,124.0,155.0,9.0,0.0,142.0,140.0,141.0,2.0,0.0,2.0
133.0,0.0,0.014,0.0,0.0,0.0,0.0,72.0,0.3,20.0,8.8,32.0,115.0,147.0,2.0,0.0,133.0,136.0,136.0,3.0,0.0,2.0
135.0,0.001,0.0,0.003,0.0,0.0,0.0,65.0,0.6,0.0,10.3,38.0,119.0,157.0,4.0,0.0,147.0,141.0,143.0,6.0,0.0,1.0
131.0,0.015,0.017,0.001,0.0,0.0,0.0,31.0,3.2,0.0,7.1,133.0,53.0,186.0,10.0,1.0,150.0,144.0,149.0,25.0,1.0,1.0
147.0,0.0,0.0,0.0,0.0,0.0,0.0,60.0,0.4,12.0,5.5,10.0,144.0,154.0,0.0,0.0,150.0,149.0,150.0,0.0,0.0,2.0
115.0,0.007,0.0,0.006,0.0,0.0,0.001,17.0,2.0,0.0,13.9,73.0,84.0,157.0,0.0,1.0,120.0,117.0,119.0,13.0,0.0,1.0
112.0,0.01,0.0,0.005,0.0,0.0,0.0,24.0,1.3,5.0,6.0,39.0,105.0,144.0,0.0,0.0,114.0,116.0,116.0,5.0,-1.0,1.0
143.0,0.0,0.0,0.0,0.0,0.0,0.0,66.0,0.5,28.0,13.5,93.0,72.0,165.0,4.0,0.0,144.0,144.0,146.0,2.0,1.0,2.0
134.0,0.008,0.0,0.012,0.006,0.0,0.0,60.0,1.3,0.0,0.0,109.0,80.0,189.0,7.0,0.0,156.0,138.0,151.0,101.0,1.0,1.0
120.0,0.0,0.005,0.003,0.0,0.0,0.0,38.0,1.3,0.0,16.0,59.0,103.0,162.0,4.0,0.0,119.0,120.0,121.0,4.0,-1.0,1.0
150.0,0.0,0.0,0.004,0.0,0.0,0.0,40.0,0.8,37.0,5.7,18.0,143.0,161.0,1.0,0.0,153.0,153.0,154.0,0.0,0.0,1.0
122.0,0.0,0.0,0.003,0.0,0.0,0.0,21.0,2.2,0.0,17.4,39.0,104.0,143.0,4.0,2.0,129.0,126.0,128.0,4.0,0.0,1.0
154.0,0.0,0.0,0.004,0.0,0.0,0.0,65.0,0.9,0.0,13.4,92.0,74.0,166.0,2.0,0.0,156.0,158.0,159.0,2.0,1.0,2.0
138.0,0.004,0.002,0.004,0.006,0.0,0.0,50.0,1.9,0.0,5.6,102.0,70.0,172.0,8.0,0.0,142.0,137.0,142.0,32.0,1.0,1.0
140.0,0.01,0.0,0.0,0.0,0.0,0.0,59.0,1.1,0.0,0.0,62.0,120.0,182.0,1.0,0.0,176.0,163.0,169.0,30.0,1.0,1.0
144.0,0.0,0.007,0.0,0.0,0.0,0.0,61.0,0.5,7.0,9.5,39.0,125.0,164.0,3.0,0.0,144.0,143.0,144.0,1.0,0.0,2.0
127.0,0.005,0.008,0.001,0.001,0.0,0.0,54.0,1.0,5.0,15.6,83.0,63.0,146.0,9.0,1.0,140.0,135.0,138.0,14.0,1.0,1.0
145.0,0.003,0.0,0.002,0.0,0.0,0.0,49.0,0.6,0.0,7.0,26.0,145.0,171.0,1.0,0.0,154.0,157.0,158.0,4.0,0.0,1.0
140.0,0.0,0.006,0.0,0.003,0.0,0.0,67.0,0.4,25.0,7.1,25.0,122.0,147.0,1.0,0.0,142.0,138.0,141.0,4.0,1.0,2.0
133.0,0.01,0.0,0.007,0.0,0.0,0.0,32.0,1.4,0.0,6.3,83.0,96.0,179.0,5.0,0.0,163.0,149.0,149.0,37.0,0.0,1.0
140.0,0.012,0.002,0.002,0.0,0.0,0.0,57.0,1.3,0.0,3.4,138.0,50.0,188.0,5.0,0.0,176.0,163.0,167.0,35.0,1.0,1.0
121.0,0.005,0.003,0.0,0.0,0.0,0.0,58.0,0.5,4.0,7.4,22.0,117.0,139.0,0.0,0.0,125.0,128.0,129.0,3.0,0.0,1.0
118.0,0.002,0.0,0.005,0.002,0.0,0.0,25.0,1.4,22.0,7.9,88.0,72.0,160.0,2.0,2.0,126.0,120.0,123.0,11.0,0.0,1.0
138.0,0.0,0.005,0.003,0.0,0.0,0.0,62.0,0.5,9.0,8.1,27.0,121.0,148.0,1.0,0.0,142.0,140.0,142.0,1.0,1.0,2.0
152.0,0.0,0.0,0.005,0.002,0.0,0.0,55.0,0.6,45.0,6.7,64.0,99.0,163.0,4.0,3.0,159.0,154.0,158.0,5.0,1.0,1.0
130.0,0.0,0.001,0.0,0.0,0.0,0.0,56.0,0.5,33.0,7.5,19.0,125.0,144.0,2.0,0.0,129.0,131.0,132.0,2.0,-1.0,1.0
139.0,0.004,0.0,0.005,0.0,0.0,0.0,33.0,1.1,0.0,12.8,40.0,131.0,171.0,1.0,0.0,144.0,144.0,145.0,3.0,-1.0,1.0
133.0,0.0,0.0,0.0,0.0,0.0,0.0,75.0,0.2,91.0,2.9,7.0,131.0,138.0,1.0,0.0,133.0,134.0,135.0,0.0,0.0,3.0
125.0,0.0,0.001,0.009,0.008,0.0,0.0,62.0,1.7,0.0,1.1,72.0,68.0,140.0,5.0,0.0,130.0,116.0,125.0,29.0,1.0,1.0
138.0,0.009,0.0,0.003,0.001,0.0,0.0,51.0,1.3,0.0,2.0,98.0,73.0,171.0,8.0,0.0,148.0,145.0,147.0,16.0,1.0,1.0
130.0,0.0,0.353,0.0,0.0,0.0,0.005,80.0,0.3,0.0,0.0,29.0,107.0,136.0,1.0,0.0,108.0,120.0,120.0,23.0,-1.0,3.0
130.0,0.009,0.003,0.008,0.0,0.0,0.0,65.0,1.7,0.0,1.3,45.0,112.0,157.0,4.0,0.0,136.0,135.0,138.0,3.0,0.0,1.0
130.0,0.009,0.029,0.005,0.0,0.0,0.0,42.0,1.0,0.0,3.7,105.0,76.0,181.0,3.0,0.0,133.0,141.0,140.0,15.0,0.0,1.0
139.0,0.004,0.0,0.005,0.0,0.0,0.0,58.0,0.6,0.0,8.5,56.0,112.0,168.0,2.0,0.0,153.0,152.0,154.0,3.0,1.0,1.0
134.0,0.0,0.0,0.004,0.006,0.0,0.0,28.0,1.9,0.0,5.5,102.0,67.0,169.0,11.0,2.0,148.0,133.0,140.0,66.0,1.0,1.0
115.0,0.005,0.0,0.005,0.002,0.0,0.0,20.0,1.7,0.0,10.6,84.0,69.0,153.0,5.0,0.0,114.0,117.0,116.0,13.0,0.0,1.0
120.0,0.0,0.006,0.006,0.0,0.0,0.0,40.0,1.1,0.0,14.0,29.0,106.0,135.0,1.0,0.0,121.0,119.0,121.0,3.0,0.0,1.0
144.0,0.01,0.01,0.002,0.0,0.0,0.0,36.0,1.4,0.0,11.5,119.0,57.0,176.0,2.0,1.0,148.0,150.0,150.0,12.0,1.0,1.0
122.0,0.0,0.0,0.004,0.0,0.0,0.0,23.0,1.5,1.0,9.2,28.0,113.0,141.0,1.0,0.0,122.0,124.0,124.0,2.0,0.0,1.0
120.0,0.0,0.01,0.0,0.0,0.0,0.0,56.0,0.5,12.0,7.6,18.0,115.0,133.0,0.0,0.0,123.0,122.0,123.0,1.0,0.0,1.0
120.0,0.003,0.0,0.001,0.009,0.0,0.0,57.0,1.5,0.0,8.0,78.0,79.0,157.0,5.0,1.0,113.0,115.0,119.0,28.0,0.0,1.0
127.0,0.0,0.001,0.006,0.0,0.0,0.0,71.0,0.9,52.0,3.8,18.0,119.0,137.0,2.0,0.0,129.0,125.0,128.0,1.0,0.0,1.0
133.0,0.0,0.008,0.003,0.0,0.0,0.0,61.0,0.5,4.0,7.8,16.0,128.0,144.0,1.0,0.0,135.0,135.0,136.0,0.0,0.0,2.0
115.0,0.005,0.0,0.006,0.001,0.0,0.0,20.0,1.6,0.0,10.7,86.0,71.0,157.0,5.0,0.0,116.0,119.0,118.0,11.0,0.0,1.0
142.0,0.008,0.0,0.007,0.0,0.0,0.0,44.0,0.9,0.0,7.0,46.0,127.0,173.0,2.0,0.0,149.0,149.0,150.0,4.0,0.0,1.0
135.0,0.0,0.0,0.0,0.0,0.0,0.0,62.0,0.5,71.0,6.9,97.0,71.0,168.0,3.0,0.0,143.0,142.0,144.0,1.0,1.0,3.0
119.0,0.008,0.0,0.005,0.001,0.0,0.0,30.0,1.8,0.0,10.0,129.0,69.0,198.0,9.0,0.0,132.0,132.0,135.0,20.0,0.0,1.0
121.0,0.011,0.0,0.003,0.0,0.0,0.0,33.0,1.9,0.0,6.5,139.0,59.0,198.0,11.0,0.0,142.0,137.0,140.0,18.0,0.0,1.0
145.0,0.005,0.0,0.003,0.0,0.0,0.0,46.0,0.8,0.0,8.4,31.0,140.0,171.0,2.0,0.0,153.0,152.0,152.0,3.0,0.0,1.0
122.0,0.006,0.0,0.005,0.0,0.0,0.0,22.0,1.7,0.0,13.5,45.0,103.0,148.0,1.0,0.0,131.0,129.0,131.0,4.0,0.0,1.0
129.0,0.0,0.002,0.0,0.0,0.0,0.0,48.0,0.9,13.0,11.2,71.0,66.0,137.0,1.0,0.0,131.0,130.0,132.0,2.0,1.0,1.0
133.0,0.005,0.005,0.0,0.0,0.0,0.0,48.0,0.7,0.0,6.3,28.0,125.0,153.0,1.0,0.0,135.0,137.0,137.0,2.0,0.0,1.0
122.0,0.0,0.0,0.004,0.0,0.0,0.0,23.0,1.6,1.0,16.9,41.0,111.0,152.0,2.0,0.0,125.0,127.0,127.0,4.0,0.0,1.0
138.0,0.0,0.0,0.009,0.013,0.0,0.0,57.0,2.5,0.0,0.7,106.0,55.0,161.0,6.0,1.0,135.0,109.0,123.0,113.0,1.0,3.0
137.0,0.0,0.004,0.002,0.006,0.0,0.0,59.0,2.0,0.0,9.8,116.0,52.0,168.0,6.0,1.0,142.0,121.0,141.0,34.0,1.0,1.0
138.0,0.01,0.0,0.009,0.0,0.0,0.0,42.0,1.4,0.0,0.0,51.0,120.0,171.0,0.0,1.0,157.0,153.0,155.0,8.0,1.0,1.0
129.0,0.009,0.0,0.004,0.0,0.0,0.0,24.0,1.5,0.0,13.4,45.0,114.0,159.0,1.0,0.0,133.0,138.0,138.0,9.0,0.0,1.0
129.0,0.002,0.016,0.0,0.0,0.0,0.0,53.0,0.6,1.0,5.3,34.0,122.0,156.0,3.0,0.0,133.0,134.0,135.0,1.0,0.0,1.0
131.0,0.011,0.0,0.015,0.0,0.0,0.0,26.0,1.5,0.0,3.0,61.0,109.0,170.0,2.0,1.0,155.0,151.0,154.0,11.0,1.0,1.0
135.0,0.0,0.013,0.002,0.0,0.0,0.0,67.0,0.3,67.0,5.5,28.0,116.0,144.0,4.0,0.0,136.0,135.0,137.0,0.0,1.0,2.0
148.0,0.0,0.0,0.0,0.0,0.0,0.0,68.0,0.3,75.0,4.5,25.0,128.0,153.0,3.0,0.0,150.0,149.0,151.0,0.0,1.0,3.0
143.0,0.002,0.052,0.001,0.008,0.0,0.0,64.0,3.8,0.0,1.3,143.0,67.0,210.0,10.0,2.0,145.0,111.0,149.0,49.0,0.0,1.0
126.0,0.002,0.005,0.003,0.0,0.0,0.0,40.0,1.1,4.0,12.5,86.0,66.0,152.0,3.0,0.0,129.0,129.0,131.0,3.0,1.0,1.0
130.0,0.009,0.0,0.011,0.004,0.0,0.0,24.0,1.6,0.0,0.0,106.0,76.0,182.0,3.0,1.0,155.0,140.0,148.0,84.0,1.0,1.0
131.0,0.006,0.003,0.004,0.004,0.0,0.0,57.0,2.0,0.0,1.2,69.0,100.0,169.0,6.0,1.0,133.0,133.0,134.0,15.0,0.0,1.0
144.0,0.005,0.0,0.005,0.001,0.0,0.0,41.0,0.9,6.0,4.9,63.0,116.0,179.0,6.0,1.0,155.0,153.0,154.0,5.0,0.0,1.0
144.0,0.003,0.0,0.006,0.0,0.0,0.0,40.0,0.8,5.0,11.1,56.0,112.0,168.0,2.0,0.0,157.0,153.0,155.0,5.0,1.0,1.0
128.0,0.0,0.001,0.008,0.005,0.0,0.002,66.0,2.9,0.0,0.0,129.0,63.0,192.0,6.0,1.0,103.0,84.0,110.0,20.0,-1.0,3.0
150.0,0.0,0.0,0.0,0.001,0.0,0.0,76.0,0.2,43.0,5.2,35.0,123.0,158.0,1.0,0.0,154.0,153.0,155.0,1.0,1.0,2.0
141.0,0.001,0.0,0.008,0.0,0.0,0.0,67.0,0.4,0.0,11.2,24.0,133.0,157.0,0.0,0.0,150.0,147.0,149.0,1.0,1.0,1.0
144.0,0.0,0.0,0.006,0.0,0.0,0.0,32.0,1.0,0.0,13.2,38.0,122.0,160.0,1.0,0.0,150.0,147.0,149.0,2.0,1.0,1.0
142.0,0.008,0.009,0.003,0.0,0.0,0.0,45.0,1.1,2.0,8.7,131.0,51.0,182.0,5.0,0.0,146.0,153.0,152.0,19.0,1.0,1.0
125.0,0.005,0.021,0.0,0.0,0.0,0.0,47.0,0.8,0.0,6.1,75.0,68.0,143.0,3.0,0.0,133.0,132.0,133.0,2.0,1.0,1.0
121.0,0.003,0.008,0.0,0.0,0.0,0.0,52.0,0.6,2.0,8.0,21.0,117.0,138.0,0.0,0.0,125.0,127.0,128.0,2.0,0.0,1.0
121.0,0.006,0.002,0.004,0.002,0.0,0.0,57.0,1.3,0.0,14.1,76.0,90.0,166.0,3.0,0.0,124.0,126.0,126.0,17.0,0.0,1.0
146.0,0.011,0.001,0.001,0.0,0.0,0.0,40.0,1.9,0.0,25.6,122.0,50.0,172.0,4.0,0.0,154.0,151.0,155.0,16.0,1.0,1.0
133.0,0.0,0.0,0.0,0.0,0.0,0.0,73.0,0.2,88.0,3.3,8.0,131.0,139.0,1.0,0.0,133.0,134.0,135.0,0.0,0.0,3.0
135.0,0.008,0.001,0.004,0.0,0.0,0.0,61.0,0.8,0.0,6.7,48.0,120.0,168.0,2.0,0.0,148.0,143.0,145.0,6.0,0.0,1.0
135.0,0.002,0.015,0.0,0.0,0.0,0.0,54.0,1.0,10.0,16.7,132.0,66.0,198.0,10.0,0.0,150.0,143.0,146.0,12.0,0.0,2.0
130.0,0.002,0.001,0.009,0.001,0.0,0.0,52.0,2.7,0.0,4.6,88.0,77.0,165.0,6.0,0.0,139.0,130.0,136.0,15.0,0.0,1.0
133.0,0.0,0.0,0.007,0.001,0.0,0.0,27.0,1.4,1.0,18.8,56.0,96.0,152.0,5.0,0.0,136.0,134.0,137.0,4.0,1.0,1.0
138.0,0.002,0.0,0.006,0.0,0.0,0.0,43.0,1.0,19.0,11.6,44.0,129.0,173.0,8.0,2.0,162.0,155.0,159.0,9.0,0.0,2.0
137.0,0.014,0.0,0.007,0.003,0.0,0.0,53.0,2.7,0.0,0.3,136.0,52.0,188.0,9.0,2.0,160.0,142.0,163.0,42.0,1.0,1.0
119.0,0.0,0.0,0.006,0.0,0.0,0.0,24.0,1.4,0.0,15.5,39.0,106.0,145.0,3.0,0.0,125.0,124.0,126.0,3.0,0.0,1.0
125.0,0.005,0.0,0.004,0.0,0.0,0.0,28.0,1.2,0.0,7.9,87.0,79.0,166.0,4.0,0.0,131.0,132.0,132.0,8.0,0.0,1.0
150.0,0.0,0.0,0.0,0.003,0.0,0.0,47.0,1.1,15.0,7.1,136.0,61.0,197.0,5.0,0.0,159.0,154.0,157.0,8.0,1.0,1.0
140.0,0.002,0.003,0.006,0.006,0.0,0.0,62.0,1.6,0.0,9.1,153.0,75.0,228.0,9.0,0.0,142.0,118.0,142.0,20.0,0.0,1.0
144.0,0.003,0.049,0.002,0.006,0.0,0.001,66.0,3.4,0.0,0.3,113.0,67.0,180.0,7.0,0.0,141.0,110.0,147.0,89.0,1.0,1.0
142.0,0.009,0.0,0.009,0.0,0.0,0.0,41.0,1.0,0.0,7.2,41.0,132.0,173.0,3.0,0.0,150.0,150.0,151.0,3.0,0.0,1.0
125.0,0.007,0.007,0.005,0.007,0.0,0.001,21.0,2.3,0.0,4.3,107.0,67.0,174.0,7.0,0.0,143.0,125.0,134.0,79.0,0.0,1.0
133.0,0.008,0.443,0.005,0.005,0.0,0.0,24.0,2.1,0.0,13.4,125.0,53.0,178.0,6.0,0.0,143.0,128.0,138.0,69.0,1.0,1.0
132.0,0.0,0.0,0.006,0.0,0.0,0.0,35.0,1.3,0.0,27.4,71.0,79.0,150.0,4.0,0.0,133.0,135.0,137.0,9.0,1.0,1.0
132.0,0.01,0.0,0.0,0.0,0.0,0.0,26.0,1.4,0.0,4.0,58.0,110.0,168.0,2.0,1.0,145.0,146.0,147.0,11.0,0.0,1.0
136.0,0.005,0.0,0.004,0.0,0.0,0.0,42.0,0.7,18.0,4.5,38.0,120.0,158.0,2.0,0.0,141.0,142.0,143.0,2.0,0.0,1.0
142.0,0.002,0.0,0.003,0.0,0.0,0.0,45.0,0.7,16.0,8.4,24.0,135.0,159.0,0.0,0.0,150.0,149.0,150.0,1.0,0.0,1.0
134.0,0.0,0.0,0.002,0.005,0.0,0.0,30.0,1.6,0.0,4.8,102.0,67.0,169.0,10.0,2.0,148.0,135.0,142.0,50.0,1.0,1.0
132.0,0.002,0.0,0.009,0.0,0.0,0.002,30.0,1.2,0.0,14.7,58.0,95.0,153.0,3.0,0.0,133.0,128.0,132.0,16.0,0.0,1.0
144.0,0.001,0.0,0.006,0.0,0.0,0.0,35.0,0.9,2.0,10.8,36.0,125.0,161.0,0.0,0.0,150.0,148.0,150.0,2.0,1.0,1.0
138.0,0.001,0.001,0.0,0.0,0.0,0.0,55.0,0.7,22.0,6.7,102.0,74.0,176.0,4.0,0.0,142.0,141.0,142.0,1.0,0.0,1.0
110.0,0.004,0.001,0.009,0.004,0.0,0.0,64.0,2.2,0.0,5.3,176.0,62.0,238.0,7.0,0.0,107.0,103.0,109.0,42.0,-1.0,1.0
146.0,0.0,0.009,0.0,0.0,0.0,0.0,77.0,0.3,20.0,4.8,12.0,137.0,149.0,0.0,0.0,142.0,143.0,145.0,0.0,0.0,2.0
148.0,0.004,0.0,0.005,0.0,0.0,0.0,40.0,0.9,8.0,11.8,47.0,126.0,173.0,5.0,0.0,157.0,156.0,158.0,3.0,0.0,1.0
131.0,0.007,0.0,0.007,0.002,0.0,0.0,52.0,1.4,0.0,2.4,68.0,99.0,167.0,3.0,0.0,140.0,139.0,141.0,8.0,0.0,1.0
146.0,0.001,0.0,0.005,0.005,0.0,0.0,28.0,1.7,9.0,12.3,80.0,86.0,166.0,3.0,0.0,151.0,142.0,146.0,22.0,1.0,1.0
138.0,0.003,0.002,0.007,0.008,0.0,0.0,51.0,2.3,0.0,4.5,112.0,60.0,172.0,6.0,0.0,138.0,131.0,139.0,41.0,1.0,1.0
145.0,0.005,0.0,0.002,0.0,0.0,0.0,46.0,0.8,0.0,8.6,67.0,104.0,171.0,4.0,0.0,155.0,153.0,154.0,4.0,1.0,1.0
140.0,0.003,0.001,0.007,0.004,0.0,0.0,64.0,1.2,0.0,5.9,74.0,95.0,169.0,6.0,0.0,142.0,137.0,142.0,18.0,0.0,1.0
146.0,0.0,0.003,0.0,0.0,0.0,0.0,81.0,0.2,67.0,3.9,13.0,137.0,150.0,1.0,0.0,146.0,144.0,146.0,1.0,0.0,3.0
131.0,0.0,0.003,0.003,0.008,0.0,0.003,67.0,1.7,0.0,0.0,68.0,78.0,146.0,7.0,0.0,121.0,116.0,120.0,15.0,0.0,3.0
123.0,0.002,0.0,0.005,0.0,0.0,0.0,38.0,0.9,14.0,8.8,39.0,113.0,152.0,2.0,0.0,126.0,128.0,128.0,4.0,0.0,1.0
125.0,0.002,0.0,0.005,0.0,0.0,0.0,40.0,0.7,9.0,8.1,29.0,122.0,151.0,1.0,0.0,131.0,132.0,132.0,2.0,-1.0,1.0
139.0,0.004,0.0,0.007,0.0,0.0,0.0,58.0,0.5,0.0,8.1,61.0,107.0,168.0,3.0,0.0,153.0,152.0,154.0,3.0,1.0,1.0
132.0,0.002,0.007,0.005,0.0,0.0,0.0,51.0,0.7,0.0,12.3,41.0,115.0,156.0,2.0,1.0,136.0,137.0,139.0,2.0,0.0,1.0
138.0,0.0,0.002,0.009,0.011,0.0,0.002,57.0,2.6,0.0,0.7,106.0,55.0,161.0,6.0,1.0,135.0,107.0,122.0,121.0,1.0,3.0
150.0,0.0,0.0,0.006,0.0,0.0,0.0,56.0,0.5,19.0,7.9,19.0,148.0,167.0,2.0,0.0,153.0,157.0,158.0,3.0,0.0,2.0
121.0,0.007,0.0,0.01,0.0,0.0,0.0,41.0,0.8,0.0,6.6,48.0,105.0,153.0,3.0,0.0,150.0,135.0,137.0,32.0,1.0,1.0
141.0,0.001,0.0,0.001,0.004,0.0,0.0,56.0,0.9,12.0,8.5,136.0,60.0,196.0,8.0,2.0,150.0,137.0,147.0,68.0,0.0,1.0
142.0,0.016,0.06,0.004,0.0,0.0,0.0,38.0,1.3,0.0,0.0,130.0,68.0,198.0,5.0,0.0,180.0,173.0,177.0,14.0,1.0,1.0
140.0,0.0,0.0,0.002,0.0,0.0,0.0,53.0,0.7,0.0,14.8,84.0,72.0,156.0,4.0,0.0,143.0,145.0,146.0,3.0,1.0,1.0
127.0,0.003,0.0,0.008,0.0,0.0,0.0,33.0,1.0,0.0,7.6,32.0,114.0,146.0,0.0,0.0,129.0,130.0,132.0,3.0,0.0,1.0
131.0,0.012,0.054,0.003,0.0,0.0,0.0,37.0,1.4,0.0,3.7,135.0,65.0,200.0,5.0,1.0,139.0,154.0,148.0,70.0,0.0,1.0
121.0,0.008,0.0,0.006,0.001,0.0,0.0,27.0,1.2,0.0,3.3,67.0,90.0,157.0,4.0,0.0,129.0,129.0,129.0,12.0,0.0,1.0
122.0,0.004,0.0,0.005,0.004,0.0,0.0,22.0,1.7,0.0,7.4,69.0,74.0,143.0,3.0,0.0,133.0,122.0,127.0,26.0,1.0,1.0
145.0,0.0,0.0,0.001,0.001,0.0,0.0,60.0,0.5,5.0,7.5,46.0,111.0,157.0,1.0,1.0,148.0,146.0,148.0,4.0,1.0,2.0
142.0,0.006,0.0,0.001,0.0,0.0,0.0,45.0,0.8,1.0,11.1,47.0,113.0,160.0,4.0,2.0,150.0,148.0,151.0,4.0,1.0,1.0
129.0,0.0,0.001,0.006,0.005,0.0,0.002,67.0,3.3,0.0,0.0,129.0,63.0,192.0,7.0,0.0,105.0,80.0,107.0,14.0,-1.0,3.0
134.0,0.017,0.002,0.004,0.0,0.0,0.0,48.0,2.2,0.0,0.0,120.0,50.0,170.0,5.0,0.0,160.0,150.0,155.0,28.0,1.0,1.0
148.0,0.0,0.0,0.007,0.0,0.0,0.0,41.0,1.0,5.0,13.4,60.0,135.0,195.0,4.0,1.0,157.0,155.0,158.0,2.0,0.0,2.0
148.0,0.005,0.0,0.005,0.0,0.0,0.0,27.0,1.5,8.0,13.0,50.0,129.0,179.0,3.0,0.0,157.0,154.0,157.0,6.0,0.0,1.0
125.0,0.007,0.004,0.006,0.002,0.0,0.0,22.0,2.1,0.0,12.1,105.0,73.0,178.0,8.0,0.0,126.0,126.0,128.0,11.0,0.0,1.0
144.0,0.0,0.001,0.0,0.0,0.0,0.0,51.0,1.1,10.0,21.7,115.0,71.0,186.0,9.0,0.0,153.0,151.0,153.0,6.0,1.0,2.0
146.0,0.0,0.0,0.001,0.0,0.0,0.0,53.0,0.5,32.0,8.2,27.0,136.0,163.0,2.0,1.0,160.0,156.0,158.0,2.0,1.0,2.0
144.0,0.002,0.0,0.005,0.0,0.0,0.0,42.0,0.7,0.0,10.0,37.0,136.0,173.0,1.0,0.0,155.0,154.0,156.0,2.0,0.0,1.0
134.0,0.009,0.001,0.006,0.005,0.0,0.0,59.0,1.2,0.0,0.6,99.0,88.0,187.0,5.0,0.0,151.0,145.0,151.0,42.0,0.0,1.0
125.0,0.001,0.0,0.004,0.0,0.0,0.0,43.0,0.7,31.0,7.8,21.0,120.0,141.0,0.0,0.0,131.0,130.0,132.0,1.0,0.0,1.0
130.0,0.002,0.0,0.014,0.014,0.0,0.0,59.0,2.1,0.0,0.0,127.0,50.0,177.0,8.0,2.0,121.0,101.0,115.0,79.0,0.0,3.0
133.0,0.001,0.0,0.009,0.004,0.0,0.002,60.0,2.8,0.0,0.0,127.0,57.0,184.0,8.0,0.0,125.0,98.0,104.0,95.0,0.0,3.0
144.0,0.0,0.0,0.004,0.002,0.0,0.0,33.0,1.2,2.0,10.4,61.0,99.0,160.0,2.0,0.0,153.0,147.0,152.0,19.0,1.0,1.0
136.0,0.004,0.0,0.005,0.0,0.0,0.0,42.0,0.7,22.0,4.5,37.0,120.0,157.0,3.0,0.0,141.0,141.0,142.0,1.0,0.0,1.0
127.0,0.0,0.0,0.007,0.012,0.0,0.0,17.0,2.8,0.0,3.7,81.0,76.0,157.0,5.0,0.0,114.0,113.0,116.0,16.0,0.0,1.0
146.0,0.005,0.0,0.005,0.0,0.0,0.0,39.0,0.9,18.0,5.2,44.0,134.0,178.0,5.0,0.0,154.0,154.0,155.0,4.0,0.0,1.0
125.0,0.01,0.01,0.002,0.0,0.0,0.0,50.0,0.9,0.0,2.5,118.0,57.0,175.0,8.0,0.0,133.0,132.0,133.0,4.0,0.0,1.0
127.0,0.01,0.0,0.009,0.001,0.0,0.0,24.0,1.5,0.0,0.0,72.0,109.0,181.0,4.0,0.0,153.0,150.0,154.0,16.0,0.0,1.0
142.0,0.013,0.013,0.004,0.0,0.0,0.0,45.0,1.2,0.0,4.5,134.0,51.0,185.0,5.0,0.0,156.0,158.0,158.0,14.0,1.0,1.0
149.0,0.01,0.0,0.01,0.002,0.0,0.0,29.0,1.7,0.0,1.8,121.0,58.0,179.0,7.0,0.0,169.0,161.0,166.0,22.0,1.0,1.0
135.0,0.0,0.016,0.002,0.0,0.0,0.0,70.0,0.3,84.0,3.5,9.0,132.0,141.0,1.0,0.0,136.0,136.0,137.0,0.0,0.0,3.0
128.0,0.011,0.011,0.005,0.003,0.0,0.0,36.0,1.6,0.0,4.9,124.0,59.0,183.0,5.0,0.0,137.0,135.0,139.0,18.0,0.0,1.0
136.0,0.002,0.0,0.005,0.0,0.0,0.0,40.0,0.8,7.0,10.3,35.0,119.0,154.0,2.0,0.0,138.0,139.0,140.0,2.0,0.0,1.0
133.0,0.002,0.001,0.009,0.003,0.0,0.0,56.0,2.2,0.0,7.2,90.0,71.0,161.0,2.0,1.0,139.0,120.0,139.0,19.0,1.0,1.0
148.0,0.0,0.0,0.0,0.0,0.0,0.0,65.0,0.4,20.0,6.7,21.0,141.0,162.0,1.0,0.0,157.0,155.0,157.0,1.0,1.0,2.0
136.0,0.002,0.0,0.005,0.0,0.0,0.0,44.0,0.7,14.0,7.1,27.0,126.0,153.0,2.0,0.0,142.0,140.0,142.0,1.0,0.0,1.0
158.0,0.008,0.027,0.002,0.0,0.0,0.0,41.0,0.9,0.0,13.2,47.0,151.0,198.0,4.0,0.0,186.0,178.0,180.0,15.0,0.0,1.0
134.0,0.0,0.0,0.005,0.005,0.0,0.0,33.0,1.4,20.0,9.9,110.0,53.0,163.0,3.0,1.0,136.0,129.0,136.0,27.0,1.0,1.0
126.0,0.007,0.008,0.005,0.007,0.0,0.001,21.0,2.3,0.0,4.2,107.0,67.0,174.0,6.0,0.0,143.0,125.0,133.0,78.0,0.0,1.0
130.0,0.004,0.0,0.008,0.001,0.0,0.0,40.0,0.9,17.0,6.5,45.0,110.0,155.0,6.0,0.0,136.0,133.0,135.0,4.0,0.0,1.0
143.0,0.0,0.021,0.0,0.0,0.0,0.0,65.0,0.3,43.0,6.5,24.0,131.0,155.0,2.0,0.0,147.0,145.0,147.0,1.0,0.0,2.0
129.0,0.008,0.048,0.007,0.0,0.0,0.0,40.0,1.4,0.0,8.5,73.0,115.0,188.0,9.0,1.0,150.0,147.0,151.0,9.0,0.0,1.0
150.0,0.0,0.001,0.0,0.0,0.0,0.0,84.0,0.3,32.0,6.2,20.0,136.0,156.0,0.0,0.0,150.0,150.0,151.0,1.0,1.0,3.0
138.0,0.0,0.001,0.0,0.001,0.0,0.0,66.0,0.4,20.0,6.8,33.0,117.0,150.0,2.0,0.0,144.0,141.0,144.0,2.0,1.0,2.0
121.0,0.004,0.0,0.009,0.004,0.0,0.0,34.0,1.1,0.0,6.3,83.0,70.0,153.0,5.0,1.0,127.0,123.0,126.0,29.0,1.0,1.0
150.0,0.0,0.0,0.007,0.0,0.0,0.0,54.0,0.5,13.0,7.7,16.0,147.0,163.0,2.0,0.0,153.0,155.0,157.0,2.0,0.0,1.0
146.0,0.0,0.004,0.0,0.0,0.0,0.0,78.0,0.2,57.0,4.3,12.0,137.0,149.0,1.0,0.0,144.0,143.0,145.0,0.0,0.0,2.0
127.0,0.0,0.0,0.009,0.011,0.0,0.0,17.0,2.8,0.0,3.7,81.0,76.0,157.0,3.0,0.0,114.0,112.0,115.0,16.0,0.0,1.0
129.0,0.0,0.007,0.004,0.0,0.0,0.0,65.0,0.4,73.0,3.9,7.0,127.0,134.0,1.0,0.0,131.0,130.0,132.0,0.0,0.0,3.0
148.0,0.0,0.0,0.0,0.0,0.0,0.0,58.0,0.5,7.0,9.5,21.0,135.0,156.0,1.0,0.0,150.0,149.0,151.0,1.0,1.0,1.0
131.0,0.008,0.0,0.002,0.001,0.0,0.0,54.0,1.5,0.0,5.3,86.0,83.0,169.0,7.0,0.0,151.0,142.0,147.0,22.0,1.0,1.0
128.0,0.007,0.0,0.003,0.005,0.0,0.0,23.0,2.4,0.0,4.6,101.0,70.0,171.0,7.0,1.0,155.0,140.0,144.0,46.0,1.0,1.0
136.0,0.014,0.0,0.005,0.0,0.0,0.0,23.0,2.4,0.0,5.9,52.0,117.0,169.0,2.0,0.0,143.0,145.0,146.0,7.0,0.0,1.0
122.0,0.005,0.0,0.006,0.0,0.0,0.0,34.0,1.0,0.0,8.3,53.0,97.0,150.0,3.0,1.0,133.0,132.0,134.0,3.0,1.0,1.0
112.0,0.003,0.0,0.007,0.002,0.0,0.0,21.0,1.7,2.0,9.9,60.0,84.0,144.0,1.0,1.0,114.0,113.0,115.0,7.0,0.0,1.0
121.0,0.003,0.0,0.007,0.005,0.0,0.001,26.0,1.4,0.0,1.1,73.0,71.0,144.0,6.0,0.0,123.0,112.0,117.0,36.0,0.0,1.0
118.0,0.002,0.0,0.004,0.002,0.0,0.0,25.0,1.5,35.0,6.5,90.0,70.0,160.0,2.0,2.0,126.0,120.0,124.0,13.0,0.0,1.0
126.0,0.012,0.002,0.007,0.001,0.0,0.0,53.0,2.6,0.0,0.2,86.0,84.0,170.0,5.0,0.0,135.0,134.0,140.0,12.0,0.0,1.0
133.0,0.004,0.408,0.004,0.003,0.0,0.001,21.0,2.3,0.0,15.7,107.0,67.0,174.0,7.0,0.0,143.0,125.0,135.0,76.0,0.0,2.0
131.0,0.01,0.0,0.002,0.0,0.0,0.0,25.0,1.3,0.0,6.8,82.0,87.0,169.0,5.0,0.0,136.0,141.0,141.0,9.0,0.0,1.0
157.0,0.006,0.004,0.002,0.0,0.0,0.0,50.0,0.6,0.0,5.6,39.0,153.0,192.0,1.0,0.0,165.0,166.0,166.0,4.0,-1.0,1.0
122.0,0.0,0.0,0.0,0.0,0.0,0.0,83.0,0.5,6.0,15.6,68.0,62.0,130.0,0.0,0.0,122.0,122.0,123.0,3.0,1.0,3.0
120.0,0.0,0.0,0.004,0.009,0.0,0.001,63.0,2.0,0.0,0.0,128.0,63.0,191.0,12.0,2.0,107.0,93.0,106.0,36.0,-1.0,3.0
121.0,0.004,0.0,0.009,0.003,0.0,0.0,37.0,1.0,0.0,6.6,71.0,82.0,153.0,6.0,0.0,136.0,126.0,129.0,35.0,1.0,1.0
127.0,0.012,0.0,0.008,0.004,0.0,0.0,13.0,3.8,0.0,1.3,138.0,53.0,191.0,12.0,1.0,133.0,126.0,131.0,41.0,0.0,1.0
144.0,0.0,0.0,0.007,0.003,0.0,0.0,22.0,1.8,0.0,21.3,76.0,96.0,172.0,3.0,2.0,148.0,144.0,147.0,11.0,1.0,1.0
130.0,0.0,0.0,0.0,0.007,0.0,0.0,37.0,1.8,0.0,3.0,90.0,58.0,148.0,4.0,1.0,127.0,121.0,126.0,21.0,1.0,1.0
140.0,0.0,0.007,0.0,0.005,0.0,0.0,61.0,0.9,16.0,12.4,129.0,64.0,193.0,9.0,1.0,142.0,138.0,141.0,11.0,0.0,2.0
122.0,0.0,0.005,0.008,0.003,0.0,0.0,17.0,4.9,0.0,22.1,145.0,53.0,198.0,13.0,0.0,127.0,122.0,126.0,25.0,0.0,1.0
142.0,0.003,0.0,0.005,0.013,0.0,0.0,25.0,2.1,0.0,0.0,115.0,67.0,182.0,2.0,0.0,143.0,128.0,133.0,83.0,0.0,1.0
136.0,0.01,0.0,0.006,0.003,0.0,0.0,35.0,1.2,0.0,7.6,94.0,65.0,159.0,5.0,0.0,144.0,140.0,144.0,19.0,1.0,1.0
134.0,0.0,0.0,0.007,0.008,0.0,0.0,20.0,2.1,0.0,8.2,115.0,50.0,165.0,7.0,2.0,126.0,117.0,126.0,63.0,0.0,1.0
139.0,0.0,0.002,0.0,0.0,0.0,0.0,77.0,0.2,41.0,5.3,17.0,128.0,145.0,1.0,1.0,142.0,141.0,143.0,0.0,1.0,2.0
148.0,0.0,0.002,0.005,0.0,0.0,0.0,82.0,0.4,5.0,8.4,18.0,142.0,160.0,0.0,0.0,150.0,151.0,151.0,0.0,0.0,3.0
144.0,0.002,0.0,0.007,0.002,0.0,0.0,26.0,1.6,0.0,20.8,76.0,99.0,175.0,3.0,1.0,150.0,148.0,150.0,12.0,0.0,1.0
114.0,0.0,0.0,0.008,0.0,0.0,0.0,64.0,0.5,0.0,12.4,26.0,100.0,126.0,1.0,0.0,115.0,114.0,116.0,1.0,0.0,1.0
149.0,0.009,0.0,0.011,0.002,0.0,0.0,30.0,1.5,0.0,1.8,57.0,122.0,179.0,3.0,0.0,169.0,161.0,167.0,19.0,1.0,1.0
128.0,0.0,0.004,0.0,0.0,0.0,0.0,73.0,0.2,32.0,7.3,22.0,122.0,144.0,1.0,0.0,129.0,132.0,133.0,3.0,0.0,2.0
119.0,0.0,0.0,0.002,0.0,0.0,0.0,25.0,1.3,9.0,9.3,40.0,103.0,143.0,3.0,0.0,126.0,122.0,124.0,4.0,0.0,1.0
140.0,0.0,0.004,0.008,0.004,0.0,0.001,64.0,1.3,0.0,6.4,60.0,91.0,151.0,4.0,0.0,139.0,128.0,133.0,21.0,1.0,1.0
133.0,0.0,0.0,0.008,0.008,0.0,0.0,20.0,2.6,0.0,22.5,98.0,63.0,161.0,7.0,0.0,136.0,126.0,135.0,54.0,1.0,1.0
138.0,0.002,0.0,0.004,0.0,0.0,0.0,41.0,0.8,8.0,10.3,51.0,105.0,156.0,4.0,0.0,142.0,142.0,143.0,2.0,1.0,1.0
129.0,0.0,0.019,0.0,0.0,0.0,0.0,56.0,0.5,1.0,7.4,23.0,120.0,143.0,3.0,0.0,133.0,133.0,134.0,1.0,0.0,1.0
145.0,0.0,0.007,0.002,0.0,0.0,0.0,41.0,1.2,0.0,15.8,136.0,60.0,196.0,8.0,1.0,145.0,148.0,149.0,6.0,0.0,1.0
145.0,0.007,0.001,0.001,0.0,0.0,0.0,51.0,0.8,0.0,8.7,92.0,74.0,166.0,4.0,0.0,159.0,155.0,157.0,5.0,1.0,1.0
154.0,0.006,0.002,0.003,0.0,0.0,0.0,48.0,0.7,0.0,7.4,66.0,123.0,189.0,3.0,2.0,161.0,164.0,164.0,8.0,0.0,1.0
136.0,0.0,0.0,0.008,0.005,0.0,0.0,32.0,1.3,0.0,17.5,102.0,61.0,163.0,7.0,0.0,136.0,133.0,137.0,17.0,1.0,1.0
134.0,0.0,0.0,0.0,0.0,0.0,0.0,80.0,0.2,90.0,1.3,3.0,133.0,136.0,1.0,0.0,135.0,134.0,136.0,0.0,1.0,3.0
123.0,0.001,0.0,0.004,0.006,0.0,0.0,29.0,1.1,0.0,3.9,56.0,92.0,148.0,3.0,0.0,123.0,122.0,124.0,6.0,0.0,1.0
128.0,0.0,0.016,0.01,0.008,0.0,0.002,16.0,2.9,0.0,7.8,125.0,53.0,178.0,9.0,0.0,133.0,114.0,121.0,74.0,0.0,1.0
134.0,0.002,0.0,0.01,0.005,0.0,0.0,26.0,1.8,10.0,15.1,82.0,82.0,164.0,5.0,0.0,147.0,133.0,137.0,40.0,1.0,1.0
138.0,0.006,0.0,0.004,0.0,0.0,0.0,32.0,1.3,0.0,9.0,60.0,119.0,179.0,2.0,0.0,158.0,152.0,155.0,8.0,0.0,1.0
135.0,0.008,0.0,0.008,0.001,0.0,0.0,27.0,1.4,0.0,8.5,106.0,64.0,170.0,4.0,2.0,138.0,140.0,141.0,8.0,1.0,1.0
125.0,0.008,0.013,0.002,0.0,0.0,0.0,24.0,1.6,0.0,17.3,84.0,68.0,152.0,4.0,0.0,132.0,132.0,133.0,5.0,1.0,1.0
138.0,0.0,0.029,0.005,0.002,0.0,0.0,59.0,0.5,26.0,4.9,54.0,100.0,154.0,5.0,0.0,147.0,145.0,148.0,3.0,1.0,2.0
127.0,0.0,0.0,0.005,0.0,0.0,0.0,65.0,0.7,55.0,3.5,13.0,120.0,133.0,1.0,0.0,126.0,126.0,127.0,0.0,0.0,1.0
122.0,0.0,0.0,0.003,0.014,0.0,0.0,13.0,3.0,0.0,0.4,96.0,56.0,152.0,3.0,2.0,109.0,110.0,112.0,20.0,0.0,1.0
138.0,0.0,0.002,0.01,0.012,0.0,0.002,58.0,2.5,0.0,1.2,106.0,55.0,161.0,8.0,1.0,117.0,103.0,119.0,76.0,0.0,3.0
149.0,0.002,0.0,0.009,0.001,0.0,0.0,37.0,1.1,10.0,6.6,71.0,104.0,175.0,6.0,0.0,163.0,159.0,163.0,7.0,1.0,2.0
127.0,0.01,0.0,0.008,0.002,0.0,0.0,22.0,1.6,0.0,0.0,90.0,91.0,181.0,4.0,1.0,140.0,144.0,146.0,25.0,0.0,1.0
150.0,0.0,0.0,0.005,0.0,0.0,0.0,57.0,0.5,19.0,7.7,20.0,147.0,167.0,3.0,0.0,165.0,157.0,159.0,7.0,0.0,2.0
143.0,0.0,0.0,0.002,0.0,0.0,0.0,65.0,0.5,0.0,9.2,23.0,129.0,152.0,2.0,1.0,143.0,143.0,145.0,1.0,0.0,2.0
125.0,0.0,0.0,0.007,0.009,0.0,0.0,62.0,1.6,0.0,1.5,73.0,68.0,141.0,7.0,0.0,129.0,117.0,125.0,32.0,1.0,1.0
133.0,0.0,0.001,0.005,0.0,0.0,0.0,78.0,0.8,44.0,3.6,14.0,130.0,144.0,1.0,0.0,136.0,134.0,137.0,0.0,0.0,1.0
132.0,0.001,0.0,0.005,0.005,0.0,0.0,30.0,1.8,5.0,19.9,99.0,52.0,151.0,7.0,0.0,139.0,130.0,137.0,31.0,1.0,1.0
138.0,0.012,0.0,0.005,0.0,0.0,0.0,37.0,1.2,0.0,4.1,48.0,120.0,168.0,0.0,1.0,146.0,147.0,148.0,4.0,0.0,1.0
133.0,0.0,0.0,0.007,0.0,0.0,0.0,22.0,1.6,0.0,21.3,47.0,105.0,152.0,1.0,0.0,138.0,135.0,138.0,5.0,1.0,1.0
152.0,0.0,0.0,0.002,0.0,0.0,0.0,60.0,0.4,59.0,7.1,34.0,129.0,163.0,3.0,1.0,160.0,157.0,160.0,1.0,1.0,2.0
148.0,0.0,0.003,0.005,0.0,0.0,0.0,77.0,0.5,4.0,10.2,32.0,140.0,172.0,1.0,0.0,150.0,150.0,151.0,1.0,-1.0,3.0
123.0,0.0,0.0,0.005,0.004,0.0,0.0,47.0,1.1,31.0,7.4,130.0,59.0,189.0,14.0,2.0,129.0,122.0,127.0,15.0,0.0,1.0
136.0,0.002,0.0,0.002,0.0,0.0,0.0,54.0,0.5,8.0,9.5,49.0,118.0,167.0,1.0,0.0,151.0,149.0,151.0,7.0,1.0,1.0
112.0,0.005,0.0,0.007,0.002,0.0,0.0,17.0,2.0,1.0,9.0,66.0,78.0,144.0,0.0,1.0,112.0,112.0,113.0,9.0,0.0,1.0
152.0,0.0,0.0,0.002,0.0,0.0,0.0,60.0,0.4,57.0,8.0,36.0,128.0,164.0,2.0,0.0,160.0,157.0,160.0,2.0,1.0,2.0
144.0,0.0,0.0,0.008,0.001,0.0,0.0,60.0,0.4,8.0,7.2,33.0,123.0,156.0,0.0,0.0,147.0,145.0,148.0,2.0,1.0,2.0
131.0,0.008,0.0,0.008,0.0,0.0,0.0,24.0,1.3,0.0,7.3,42.0,117.0,159.0,2.0,0.0,136.0,138.0,139.0,5.0,0.0,1.0
123.0,0.01,0.002,0.007,0.0,0.0,0.0,53.0,3.4,0.0,0.0,109.0,84.0,193.0,6.0,1.0,146.0,129.0,146.0,15.0,0.0,1.0
133.0,0.0,0.014,0.005,0.0,0.0,0.0,29.0,1.3,0.0,15.6,34.0,113.0,147.0,1.0,0.0,134.0,134.0,136.0,3.0,0.0,1.0
158.0,0.005,0.0,0.008,0.001,0.0,0.0,27.0,1.7,0.0,14.9,120.0,77.0,197.0,7.0,0.0,170.0,168.0,170.0,14.0,1.0,1.0
135.0,0.011,0.002,0.004,0.0,0.0,0.0,60.0,0.9,0.0,0.4,44.0,124.0,168.0,3.0,0.0,148.0,144.0,146.0,6.0,0.0,1.0
129.0,0.0,0.018,0.0,0.0,0.0,0.0,55.0,0.5,1.0,7.5,23.0,120.0,143.0,3.0,0.0,133.0,133.0,134.0,1.0,0.0,1.0
138.0,0.002,0.0,0.005,0.0,0.0,0.0,45.0,0.7,13.0,6.5,25.0,131.0,156.0,0.0,0.0,147.0,145.0,146.0,2.0,0.0,1.0
130.0,0.003,0.002,0.001,0.0,0.0,0.0,74.0,1.3,8.0,5.0,32.0,126.0,158.0,3.0,0.0,139.0,137.0,140.0,3.0,0.0,1.0
110.0,0.004,0.0,0.009,0.007,0.0,0.002,68.0,3.0,0.0,0.0,133.0,60.0,193.0,7.0,0.0,91.0,87.0,95.0,41.0,-1.0,3.0
134.0,0.003,0.008,0.001,0.001,0.0,0.0,56.0,3.2,0.0,41.8,130.0,54.0,184.0,1.0,0.0,138.0,135.0,139.0,25.0,0.0,1.0
148.0,0.008,0.005,0.004,0.0,0.0,0.0,73.0,0.7,0.0,9.9,82.0,116.0,198.0,2.0,0.0,158.0,159.0,159.0,11.0,0.0,1.0
137.0,0.011,0.0,0.006,0.004,0.0,0.0,57.0,1.6,0.0,7.6,136.0,52.0,188.0,5.0,1.0,148.0,146.0,158.0,42.0,1.0,1.0
159.0,0.0,0.0,0.006,0.0,0.0,0.0,57.0,0.5,0.0,8.1,22.0,155.0,177.0,1.0,0.0,170.0,167.0,168.0,2.0,0.0,1.0
133.0,0.0,0.001,0.006,0.002,0.0,0.002,60.0,2.7,0.0,8.2,105.0,60.0,165.0,5.0,0.0,119.0,100.0,112.0,53.0,0.0,3.0
147.0,0.0,0.0,0.002,0.002,0.0,0.0,71.0,0.3,17.0,5.8,15.0,139.0,154.0,0.0,0.0,143.0,145.0,146.0,1.0,0.0,2.0
132.0,0.009,0.0,0.009,0.0,0.0,0.0,35.0,1.2,0.0,12.6,55.0,109.0,164.0,3.0,0.0,136.0,139.0,140.0,9.0,0.0,1.0
139.0,0.0,0.009,0.0,0.0,0.0,0.0,62.0,0.7,27.0,11.5,111.0,73.0,184.0,4.0,0.0,148.0,147.0,148.0,2.0,1.0,1.0
138.0,0.0,0.0,0.005,0.0,0.0,0.002,61.0,1.0,12.0,10.0,118.0,69.0,187.0,12.0,1.0,140.0,130.0,140.0,55.0,0.0,2.0
148.0,0.0,0.003,0.0,0.0,0.0,0.0,70.0,0.3,68.0,5.3,17.0,136.0,153.0,2.0,0.0,150.0,148.0,150.0,0.0,1.0,2.0
119.0,0.004,0.0,0.007,0.0,0.0,0.0,24.0,1.4,2.0,11.1,42.0,103.0,145.0,1.0,0.0,125.0,124.0,126.0,4.0,0.0,1.0
120.0,0.008,0.0,0.003,0.0,0.0,0.0,20.0,1.7,0.0,5.8,42.0,109.0,151.0,2.0,0.0,122.0,126.0,125.0,8.0,0.0,1.0
138.0,0.0,0.0,0.004,0.0,0.0,0.0,39.0,0.8,10.0,9.1,23.0,131.0,154.0,2.0,0.0,142.0,141.0,143.0,1.0,0.0,1.0
156.0,0.0,0.002,0.005,0.0,0.0,0.0,53.0,0.6,6.0,10.8,27.0,141.0,168.0,2.0,1.0,163.0,159.0,161.0,2.0,1.0,1.0
148.0,0.0,0.0,0.007,0.0,0.0,0.0,51.0,0.6,49.0,4.3,13.0,152.0,165.0,1.0,0.0,160.0,159.0,160.0,0.0,0.0,1.0
129.0,0.0,0.001,0.007,0.007,0.0,0.002,65.0,3.1,0.0,0.0,180.0,50.0,230.0,10.0,1.0,105.0,83.0,112.0,14.0,-1.0,3.0
121.0,0.0,0.0,0.003,0.005,0.0,0.002,24.0,1.5,0.0,0.0,68.0,71.0,139.0,2.0,0.0,123.0,106.0,108.0,53.0,0.0,1.0
142.0,0.0,0.0,0.005,0.0,0.0,0.0,41.0,0.8,0.0,12.6,32.0,126.0,158.0,0.0,0.0,151.0,146.0,148.0,5.0,1.0,1.0
134.0,0.005,0.001,0.006,0.004,0.0,0.0,53.0,1.8,0.0,0.9,83.0,83.0,166.0,5.0,0.0,143.0,133.0,140.0,29.0,1.0,1.0
121.0,0.003,0.002,0.002,0.004,0.0,0.0,57.0,1.6,0.0,13.6,99.0,67.0,166.0,7.0,1.0,122.0,119.0,123.0,24.0,0.0,1.0
142.0,0.0,0.0,0.004,0.0,0.0,0.0,41.0,0.9,0.0,11.7,35.0,123.0,158.0,0.0,0.0,151.0,146.0,149.0,7.0,1.0,1.0
122.0,0.001,0.0,0.002,0.0,0.0,0.0,27.0,1.3,0.0,9.3,27.0,113.0,140.0,1.0,0.0,125.0,125.0,126.0,1.0,0.0,1.0
128.0,0.006,0.0,0.002,0.01,0.0,0.0,16.0,3.3,0.0,3.7,114.0,57.0,171.0,6.0,1.0,136.0,130.0,136.0,26.0,1.0,1.0
123.0,0.0,0.0,0.007,0.002,0.0,0.002,26.0,4.3,0.0,19.4,146.0,50.0,196.0,8.0,1.0,126.0,105.0,113.0,117.0,0.0,3.0
148.0,0.002,0.0,0.008,0.0,0.0,0.0,44.0,0.9,15.0,9.6,60.0,135.0,195.0,5.0,0.0,157.0,158.0,158.0,1.0,0.0,2.0
123.0,0.0,0.0,0.0,0.0,0.0,0.0,44.0,0.8,34.0,6.3,82.0,59.0,141.0,4.0,0.0,127.0,126.0,128.0,0.0,1.0,1.0
138.0,0.007,0.0,0.004,0.0,0.0,0.0,59.0,0.7,0.0,8.5,43.0,125.0,168.0,1.0,0.0,148.0,145.0,147.0,6.0,0.0,1.0
122.0,0.003,0.0,0.002,0.001,0.0,0.0,19.0,2.0,0.0,17.7,46.0,102.0,148.0,3.0,0.0,125.0,124.0,126.0,6.0,0.0,1.0
142.0,0.002,0.002,0.008,0.0,0.0,0.0,74.0,0.4,36.0,5.0,42.0,117.0,159.0,2.0,1.0,145.0,143.0,145.0,1.0,0.0,1.0
146.0,0.0,0.0,0.006,0.002,0.0,0.0,49.0,0.9,32.0,8.7,80.0,86.0,166.0,3.0,0.0,152.0,147.0,151.0,11.0,1.0,1.0
143.0,0.0,0.0,0.002,0.0,0.0,0.0,46.0,0.9,0.0,11.8,116.0,68.0,184.0,5.0,1.0,150.0,147.0,149.0,4.0,1.0,1.0
127.0,0.006,0.0,0.006,0.0,0.0,0.0,33.0,1.0,0.0,6.7,54.0,114.0,168.0,3.0,0.0,131.0,135.0,133.0,12.0,-1.0,1.0
146.0,0.003,0.0,0.003,0.003,0.0,0.0,37.0,1.3,31.0,7.2,79.0,93.0,172.0,2.0,2.0,162.0,152.0,156.0,23.0,1.0,1.0
130.0,0.0,0.0,0.005,0.0,0.0,0.0,31.0,1.1,0.0,14.3,36.0,114.0,150.0,1.0,2.0,131.0,132.0,133.0,1.0,0.0,1.0
143.0,0.0,0.0,0.003,0.0,0.0,0.0,67.0,0.3,6.0,9.6,24.0,134.0,158.0,1.0,0.0,144.0,144.0,146.0,1.0,0.0,1.0
147.0,0.005,0.014,0.003,0.0,0.0,0.0,67.0,0.8,0.0,10.9,72.0,120.0,192.0,1.0,0.0,156.0,157.0,157.0,11.0,0.0,1.0
136.0,0.0,0.0,0.005,0.007,0.0,0.001,25.0,1.6,0.0,4.0,98.0,60.0,158.0,6.0,0.0,136.0,126.0,134.0,34.0,1.0,1.0
138.0,0.002,0.002,0.004,0.009,0.0,0.0,51.0,2.5,0.0,5.2,112.0,60.0,172.0,4.0,0.0,138.0,129.0,138.0,46.0,1.0,1.0
114.0,0.003,0.0,0.007,0.0,0.0,0.0,61.0,1.3,0.0,16.2,57.0,91.0,148.0,2.0,0.0,113.0,113.0,114.0,10.0,0.0,1.0
138.0,0.008,0.0,0.005,0.0,0.0,0.0,37.0,1.2,0.0,5.2,52.0,116.0,168.0,2.0,0.0,146.0,146.0,147.0,4.0,0.0,1.0
133.0,0.0,0.009,0.008,0.0,0.0,0.0,69.0,3.0,1.0,1.2,57.0,91.0,148.0,8.0,0.0,134.0,128.0,134.0,2.0,1.0,1.0
148.0,0.0,0.0,0.005,0.0,0.0,0.0,50.0,0.5,60.0,4.9,12.0,151.0,163.0,1.0,0.0,160.0,159.0,160.0,0.0,1.0,1.0
138.0,0.0,0.0,0.003,0.0,0.0,0.0,43.0,0.6,54.0,5.4,19.0,130.0,149.0,1.0,0.0,141.0,140.0,142.0,0.0,0.0,1.0
122.0,0.005,0.0,0.004,0.005,0.0,0.0,20.0,2.6,0.0,17.7,98.0,60.0,158.0,6.0,0.0,131.0,121.0,126.0,31.0,0.0,1.0
128.0,0.0,0.019,0.003,0.002,0.0,0.003,30.0,2.1,0.0,8.6,128.0,54.0,182.0,12.0,0.0,129.0,104.0,120.0,134.0,0.0,3.0
141.0,0.0,0.008,0.0,0.0,0.0,0.0,75.0,0.3,49.0,4.6,9.0,136.0,145.0,1.0,0.0,143.0,141.0,143.0,0.0,1.0,2.0
119.0,0.003,0.0,0.006,0.0,0.0,0.0,25.0,1.3,0.0,13.8,39.0,106.0,145.0,0.0,0.0,120.0,123.0,123.0,5.0,0.0,1.0
121.0,0.004,0.0,0.009,0.002,0.0,0.0,24.0,1.5,0.0,4.9,67.0,90.0,157.0,2.0,0.0,120.0,125.0,123.0,16.0,0.0,1.0
128.0,0.008,0.007,0.004,0.004,0.0,0.001,20.0,2.2,0.0,1.9,107.0,67.0,174.0,4.0,0.0,134.0,126.0,133.0,47.0,0.0,1.0
122.0,0.003,0.0,0.011,0.008,0.0,0.0,17.0,3.4,0.0,18.4,96.0,62.0,158.0,9.0,0.0,125.0,122.0,126.0,26.0,0.0,1.0
125.0,0.0,0.0,0.007,0.008,0.0,0.0,62.0,1.7,0.0,1.2,73.0,68.0,141.0,9.0,0.0,128.0,117.0,126.0,29.0,1.0,1.0
125.0,0.0,0.004,0.002,0.0,0.0,0.0,66.0,0.4,20.0,6.7,22.0,109.0,131.0,1.0,0.0,120.0,121.0,122.0,1.0,0.0,2.0
144.0,0.0,0.0,0.006,0.0,0.0,0.0,38.0,0.8,6.0,8.7,27.0,134.0,161.0,1.0,0.0,148.0,147.0,149.0,1.0,0.0,1.0
133.0,0.0,0.009,0.003,0.0,0.0,0.0,64.0,0.4,25.0,6.4,15.0,129.0,144.0,2.0,0.0,136.0,135.0,137.0,0.0,0.0,2.0
122.0,0.0,0.0,0.007,0.003,0.0,0.0,30.0,1.3,0.0,11.6,51.0,89.0,140.0,1.0,0.0,127.0,121.0,125.0,8.0,1.0,1.0
121.0,0.011,0.005,0.002,0.0,0.0,0.0,39.0,1.2,0.0,7.5,86.0,68.0,154.0,7.0,1.0,133.0,133.0,135.0,8.0,1.0,1.0
138.0,0.014,0.0,0.003,0.001,0.0,0.0,50.0,1.3,0.0,1.9,87.0,84.0,171.0,5.0,1.0,147.0,146.0,148.0,11.0,1.0,1.0
106.0,0.0,0.0,0.009,0.0,0.0,0.0,64.0,0.6,0.0,10.4,20.0,102.0,122.0,1.0,0.0,111.0,111.0,112.0,0.0,0.0,1.0
142.0,0.014,0.06,0.003,0.0,0.0,0.0,38.0,1.3,0.0,0.0,62.0,127.0,189.0,8.0,0.0,180.0,171.0,176.0,22.0,1.0,1.0
148.0,0.0,0.001,0.0,0.001,0.0,0.0,60.0,0.5,49.0,4.8,83.0,78.0,161.0,3.0,0.0,154.0,152.0,154.0,1.0,1.0,2.0
133.0,0.0,0.011,0.004,0.0,0.0,0.0,69.0,0.3,29.0,5.6,12.0,129.0,141.0,1.0,0.0,137.0,135.0,137.0,0.0,0.0,2.0
127.0,0.007,0.0,0.005,0.007,0.0,0.0,16.0,3.4,0.0,0.0,138.0,53.0,191.0,11.0,0.0,153.0,124.0,130.0,136.0,0.0,1.0
129.0,0.0,0.001,0.006,0.006,0.0,0.002,66.0,3.2,0.0,0.0,96.0,50.0,146.0,8.0,0.0,105.0,82.0,108.0,10.0,0.0,3.0
148.0,0.006,0.0,0.009,0.0,0.0,0.0,21.0,1.8,0.0,15.5,56.0,129.0,185.0,2.0,0.0,157.0,155.0,156.0,7.0,0.0,1.0
130.0,0.005,0.0,0.005,0.003,0.0,0.0,36.0,2.5,0.0,8.7,144.0,51.0,195.0,7.0,2.0,133.0,134.0,134.0,38.0,0.0,1.0
128.0,0.005,0.425,0.003,0.003,0.0,0.002,26.0,1.7,0.0,6.7,141.0,57.0,198.0,9.0,0.0,129.0,125.0,132.0,34.0,0.0,1.0
140.0,0.003,0.0,0.008,0.003,0.0,0.0,35.0,5.0,0.0,29.3,126.0,50.0,176.0,10.0,1.0,148.0,143.0,148.0,43.0,1.0,1.0
134.0,0.004,0.001,0.001,0.003,0.0,0.004,62.0,1.8,0.0,0.0,118.0,66.0,184.0,5.0,0.0,88.0,106.0,107.0,128.0,-1.0,3.0
119.0,0.001,0.0,0.006,0.0,0.0,0.0,26.0,1.2,0.0,13.8,39.0,106.0,145.0,1.0,0.0,120.0,122.0,122.0,3.0,0.0,1.0
130.0,0.007,0.001,0.002,0.004,0.0,0.0,52.0,1.6,0.0,4.2,106.0,73.0,179.0,7.0,0.0,144.0,138.0,143.0,29.0,0.0,1.0
136.0,0.001,0.0,0.005,0.0,0.0,0.0,37.0,0.9,12.0,8.8,33.0,124.0,157.0,3.0,0.0,139.0,139.0,140.0,1.0,0.0,1.0
151.0,0.0,0.0,0.006,0.006,0.0,0.0,53.0,2.9,3.0,21.4,149.0,51.0,200.0,11.0,7.0,156.0,147.0,155.0,75.0,1.0,2.0
140.0,0.003,0.001,0.007,0.005,0.0,0.0,63.0,1.5,0.0,7.2,153.0,75.0,228.0,9.0,0.0,142.0,120.0,142.0,22.0,0.0,1.0
122.0,0.0,0.0,0.003,0.0,0.0,0.0,86.0,0.3,6.0,10.6,68.0,62.0,130.0,1.0,0.0,122.0,122.0,123.0,1.0,1.0,3.0
130.0,0.002,0.0,0.006,0.0,0.0,0.0,47.0,0.7,30.0,6.8,39.0,114.0,153.0,4.0,0.0,137.0,136.0,138.0,2.0,0.0,1.0
148.0,0.0,0.0,0.0,0.0,0.0,0.0,63.0,0.4,30.0,8.8,35.0,121.0,156.0,3.0,1.0,150.0,149.0,151.0,1.0,1.0,2.0
130.0,0.007,0.001,0.001,0.0,0.0,0.0,71.0,0.7,5.0,3.8,31.0,127.0,158.0,1.0,0.0,139.0,139.0,140.0,3.0,0.0,1.0
128.0,0.0,0.0,0.008,0.01,0.0,0.0,63.0,4.2,0.0,0.0,90.0,66.0,156.0,5.0,0.0,69.0,73.0,118.0,128.0,0.0,3.0
110.0,0.007,0.001,0.009,0.001,0.0,0.0,63.0,1.9,0.0,7.2,88.0,90.0,178.0,4.0,0.0,107.0,115.0,114.0,48.0,-1.0,1.0
134.0,0.008,0.0,0.01,0.005,0.0,0.0,60.0,1.1,0.0,9.3,109.0,80.0,189.0,8.0,0.0,156.0,145.0,154.0,70.0,1.0,1.0
135.0,0.0,0.0,0.0,0.0,0.0,0.0,62.0,0.5,71.0,6.9,97.0,71.0,168.0,3.0,0.0,143.0,142.0,144.0,1.0,1.0,3.0
133.0,0.0,0.001,0.005,0.0,0.0,0.0,77.0,0.9,34.0,4.4,17.0,130.0,147.0,1.0,0.0,136.0,135.0,137.0,0.0,0.0,1.0
123.0,0.0,0.0,0.0,0.0,0.0,0.0,76.0,0.2,85.0,3.3,11.0,118.0,129.0,1.0,0.0,123.0,122.0,124.0,0.0,0.0,3.0
120.0,0.0,0.022,0.0,0.0,0.0,0.0,55.0,0.9,0.0,15.1,77.0,58.0,135.0,5.0,0.0,123.0,123.0,124.0,5.0,1.0,1.0
122.0,0.0,0.0,0.0,0.0,0.0,0.0,19.0,1.9,0.0,15.1,39.0,103.0,142.0,1.0,0.0,120.0,120.0,122.0,3.0,0.0,1.0
144.0,0.0,0.002,0.001,0.001,0.0,0.0,78.0,0.6,23.0,11.0,126.0,74.0,200.0,5.0,0.0,146.0,145.0,147.0,3.0,0.0,2.0
142.0,0.0,0.0,0.006,0.0,0.0,0.0,58.0,0.4,31.0,6.1,22.0,141.0,163.0,2.0,0.0,155.0,153.0,155.0,1.0,0.0,2.0
116.0,0.001,0.0,0.003,0.0,0.0,0.0,46.0,0.7,39.0,5.5,44.0,91.0,135.0,4.0,0.0,120.0,120.0,122.0,1.0,1.0,1.0
123.0,0.0,0.0,0.007,0.005,0.0,0.002,28.0,1.4,0.0,4.5,77.0,61.0,138.0,3.0,1.0,114.0,112.0,115.0,15.0,1.0,2.0
131.0,0.011,0.0,0.005,0.0,0.0,0.0,23.0,1.5,0.0,6.6,52.0,124.0,176.0,3.0,0.0,148.0,148.0,149.0,7.0,0.0,1.0
152.0,0.0,0.0,0.005,0.0,0.0,0.0,57.0,0.5,43.0,8.7,41.0,123.0,164.0,4.0,0.0,160.0,158.0,161.0,1.0,1.0,1.0
121.0,0.004,0.002,0.002,0.005,0.0,0.0,56.0,1.6,0.0,13.6,99.0,70.0,169.0,5.0,1.0,124.0,121.0,124.0,28.0,0.0,1.0
120.0,0.011,0.058,0.001,0.0,0.0,0.0,35.0,2.4,0.0,11.4,121.0,55.0,176.0,10.0,0.0,167.0,149.0,157.0,72.0,1.0,1.0
122.0,0.003,0.0,0.004,0.0,0.0,0.0,21.0,2.0,0.0,12.6,49.0,107.0,156.0,3.0,0.0,126.0,125.0,126.0,5.0,0.0,1.0
122.0,0.002,0.0,0.0,0.0,0.0,0.0,18.0,1.9,0.0,19.4,40.0,108.0,148.0,3.0,0.0,119.0,125.0,125.0,9.0,0.0,1.0
126.0,0.005,0.003,0.005,0.0,0.0,0.0,41.0,1.7,0.0,21.4,100.0,50.0,150.0,4.0,0.0,133.0,130.0,132.0,10.0,1.0,1.0
137.0,0.001,0.0,0.005,0.0,0.0,0.0,62.0,0.4,42.0,5.4,22.0,133.0,155.0,2.0,0.0,142.0,140.0,142.0,0.0,0.0,2.0
138.0,0.017,0.0,0.004,0.0,0.0,0.0,51.0,0.9,0.0,0.2,49.0,122.0,171.0,4.0,0.0,147.0,149.0,150.0,5.0,0.0,1.0
146.0,0.006,0.0,0.004,0.0,0.0,0.0,38.0,0.9,0.0,8.4,49.0,126.0,175.0,2.0,0.0,157.0,152.0,154.0,6.0,0.0,1.0
133.0,0.005,0.0,0.004,0.001,0.0,0.0,29.0,1.7,0.0,23.4,89.0,64.0,153.0,9.0,2.0,142.0,135.0,141.0,22.0,1.0,1.0
146.0,0.0,0.0,0.0,0.0,0.0,0.0,84.0,0.2,81.0,2.9,10.0,140.0,150.0,1.0,0.0,146.0,145.0,147.0,0.0,0.0,3.0
126.0,0.0,0.0,0.005,0.0,0.0,0.0,28.0,1.3,0.0,10.8,34.0,107.0,141.0,1.0,0.0,127.0,128.0,128.0,3.0,0.0,1.0
136.0,0.006,0.0,0.005,0.001,0.0,0.0,39.0,0.8,0.0,4.5,63.0,115.0,178.0,5.0,0.0,148.0,152.0,152.0,12.0,0.0,1.0
138.0,0.0,0.003,0.003,0.0,0.0,0.002,60.0,1.0,8.0,7.5,118.0,69.0,187.0,10.0,1.0,142.0,130.0,140.0,61.0,0.0,2.0
121.0,0.007,0.003,0.001,0.0,0.0,0.0,54.0,1.7,0.0,9.9,73.0,96.0,169.0,7.0,0.0,124.0,129.0,130.0,24.0,0.0,1.0
137.0,0.011,0.004,0.004,0.001,0.0,0.0,56.0,1.1,0.0,5.2,48.0,122.0,170.0,1.0,0.0,146.0,144.0,146.0,8.0,0.0,1.0
135.0,0.006,0.0,0.006,0.005,0.0,0.0,27.0,1.5,0.0,5.8,96.0,69.0,165.0,5.0,2.0,143.0,139.0,142.0,17.0,1.0,1.0
142.0,0.001,0.003,0.001,0.002,0.0,0.0,55.0,1.3,10.0,10.0,115.0,52.0,167.0,15.0,3.0,148.0,142.0,147.0,20.0,1.0,1.0
135.0,0.011,0.002,0.004,0.0,0.0,0.0,60.0,0.9,0.0,0.5,39.0,124.0,163.0,1.0,0.0,148.0,143.0,146.0,6.0,0.0,1.0
139.0,0.008,0.0,0.004,0.0,0.0,0.0,34.0,1.0,0.0,8.1,42.0,131.0,173.0,4.0,0.0,144.0,145.0,146.0,3.0,-1.0,1.0
145.0,0.015,0.008,0.002,0.0,0.0,0.0,43.0,1.5,0.0,0.0,109.0,63.0,172.0,5.0,0.0,156.0,156.0,158.0,11.0,1.0,1.0
133.0,0.005,0.189,0.007,0.002,0.0,0.0,26.0,1.6,0.0,12.9,87.0,71.0,158.0,2.0,0.0,141.0,135.0,139.0,13.0,1.0,1.0
138.0,0.009,0.0,0.007,0.0,0.0,0.0,37.0,1.5,0.0,12.3,55.0,114.0,169.0,3.0,0.0,150.0,150.0,152.0,8.0,1.0,1.0
131.0,0.0,0.0,0.004,0.0,0.0,0.0,29.0,1.0,0.0,13.0,31.0,117.0,148.0,0.0,0.0,129.0,133.0,134.0,5.0,0.0,1.0
123.0,0.0,0.0,0.0,0.0,0.0,0.0,41.0,0.9,23.0,10.6,83.0,59.0,142.0,4.0,0.0,127.0,125.0,127.0,2.0,1.0,1.0
136.0,0.002,0.0,0.005,0.006,0.0,0.001,24.0,1.6,0.0,3.9,115.0,60.0,175.0,8.0,0.0,136.0,128.0,135.0,35.0,0.0,1.0
140.0,0.0,0.002,0.002,0.008,0.0,0.0,61.0,1.4,0.0,4.8,96.0,63.0,159.0,6.0,0.0,142.0,133.0,143.0,29.0,1.0,1.0
127.0,0.006,0.004,0.0,0.0,0.0,0.0,48.0,1.1,0.0,14.9,84.0,64.0,148.0,2.0,0.0,127.0,132.0,134.0,11.0,1.0,1.0
137.0,0.014,0.0,0.003,0.004,0.0,0.0,57.0,1.8,0.0,0.2,136.0,52.0,188.0,7.0,0.0,146.0,145.0,161.0,46.0,1.0,1.0
110.0,0.003,0.0,0.003,0.001,0.0,0.0,64.0,1.6,0.0,6.8,116.0,62.0,178.0,12.0,1.0,107.0,105.0,108.0,37.0,0.0,1.0
133.0,0.002,0.01,0.003,0.002,0.0,0.0,46.0,1.1,0.0,15.4,69.0,95.0,164.0,5.0,0.0,139.0,135.0,138.0,9.0,0.0,1.0
144.0,0.0,0.001,0.001,0.0,0.0,0.0,83.0,0.3,31.0,5.8,38.0,132.0,170.0,2.0,0.0,144.0,144.0,145.0,0.0,-1.0,3.0
144.0,0.0,0.022,0.0,0.0,0.0,0.0,74.0,0.3,56.0,6.4,25.0,131.0,156.0,4.0,0.0,150.0,150.0,151.0,0.0,1.0,2.0
143.0,0.008,0.0,0.002,0.0,0.0,0.0,50.0,0.9,0.0,4.4,106.0,72.0,178.0,5.0,0.0,147.0,150.0,149.0,6.0,1.0,1.0
125.0,0.0,0.003,0.0,0.0,0.0,0.0,25.0,1.5,0.0,19.3,62.0,80.0,142.0,4.0,1.0,127.0,125.0,127.0,6.0,1.0,1.0
120.0,0.0,0.0,0.012,0.0,0.0,0.0,53.0,0.7,2.0,10.4,20.0,107.0,127.0,2.0,0.0,122.0,119.0,121.0,2.0,1.0,1.0
130.0,0.003,0.0,0.005,0.0,0.0,0.0,22.0,1.6,11.0,8.8,95.0,62.0,157.0,7.0,0.0,134.0,133.0,134.0,4.0,1.0,1.0
134.0,0.007,0.001,0.011,0.005,0.0,0.0,62.0,1.2,0.0,4.5,109.0,80.0,189.0,9.0,0.0,156.0,145.0,152.0,49.0,0.0,1.0
118.0,0.003,0.0,0.0,0.003,0.0,0.0,24.0,1.7,0.0,7.1,62.0,88.0,150.0,4.0,1.0,114.0,116.0,116.0,12.0,0.0,1.0
130.0,0.004,0.0,0.011,0.002,0.0,0.0,52.0,2.7,0.0,2.2,89.0,76.0,165.0,5.0,0.0,139.0,129.0,135.0,20.0,0.0,1.0
129.0,0.0,0.001,0.006,0.005,0.0,0.003,66.0,2.8,0.0,0.0,94.0,50.0,144.0,6.0,0.0,105.0,85.0,110.0,11.0,0.0,3.0
148.0,0.0,0.0,0.008,0.0,0.0,0.0,44.0,0.6,16.0,7.3,20.0,150.0,170.0,2.0,0.0,163.0,161.0,163.0,0.0,0.0,2.0
146.0,0.0,0.0,0.005,0.0,0.0,0.0,65.0,0.4,44.0,6.6,22.0,134.0,156.0,3.0,0.0,152.0,150.0,152.0,1.0,1.0,2.0
121.0,0.003,0.0,0.006,0.006,0.0,0.0,25.0,1.5,0.0,4.4,73.0,71.0,144.0,4.0,0.0,122.0,112.0,117.0,34.0,0.0,1.0
128.0,0.0,0.025,0.003,0.003,0.0,0.003,34.0,2.4,0.0,3.6,145.0,54.0,199.0,11.0,1.0,75.0,98.0,86.0,144.0,-1.0,3.0
128.0,0.008,0.014,0.004,0.0,0.0,0.0,40.0,1.1,0.0,12.7,123.0,59.0,182.0,7.0,0.0,129.0,139.0,136.0,25.0,0.0,1.0
144.0,0.01,0.0,0.006,0.0,0.0,0.0,38.0,0.9,0.0,6.0,48.0,126.0,174.0,1.0,0.0,155.0,154.0,155.0,4.0,0.0,1.0
128.0,0.0,0.004,0.008,0.008,0.0,0.0,64.0,2.0,0.0,0.0,100.0,71.0,171.0,4.0,2.0,122.0,112.0,123.0,20.0,0.0,1.0
136.0,0.0,0.002,0.008,0.0,0.0,0.0,67.0,1.5,11.0,4.7,38.0,115.0,153.0,4.0,0.0,140.0,133.0,138.0,4.0,0.0,1.0
144.0,0.003,0.0,0.005,0.0,0.0,0.0,29.0,1.4,0.0,18.1,58.0,117.0,175.0,3.0,0.0,150.0,149.0,150.0,9.0,0.0,1.0
130.0,0.002,0.008,0.003,0.0,0.0,0.0,57.0,0.6,26.0,14.3,91.0,65.0,156.0,7.0,0.0,129.0,131.0,133.0,10.0,1.0,1.0
115.0,0.006,0.0,0.007,0.003,0.0,0.001,21.0,2.3,0.0,1.7,125.0,71.0,196.0,3.0,0.0,145.0,127.0,130.0,127.0,0.0,1.0
133.0,0.0,0.009,0.003,0.0,0.0,0.0,60.0,0.5,14.0,11.4,80.0,68.0,148.0,4.0,0.0,137.0,136.0,138.0,2.0,1.0,2.0
142.0,0.001,0.0,0.006,0.0,0.0,0.0,43.0,0.7,37.0,7.2,28.0,130.0,158.0,3.0,0.0,147.0,146.0,148.0,0.0,0.0,1.0
110.0,0.003,0.0,0.008,0.004,0.0,0.0,64.0,2.1,0.0,5.6,176.0,62.0,238.0,10.0,0.0,107.0,101.0,108.0,33.0,-1.0,1.0
133.0,0.006,0.043,0.003,0.001,0.0,0.0,64.0,2.0,0.0,4.5,64.0,96.0,160.0,3.0,0.0,142.0,130.0,142.0,3.0,1.0,1.0
143.0,0.0,0.0,0.001,0.0,0.0,0.0,69.0,0.3,6.0,9.4,27.0,132.0,159.0,1.0,0.0,145.0,144.0,146.0,1.0,0.0,1.0
122.0,0.002,0.0,0.0,0.007,0.0,0.0,13.0,3.2,0.0,20.8,129.0,51.0,180.0,5.0,1.0,119.0,119.0,121.0,62.0,0.0,1.0
135.0,0.002,0.0,0.006,0.0,0.0,0.0,26.0,1.3,0.0,10.1,37.0,123.0,160.0,1.0,1.0,137.0,138.0,139.0,2.0,0.0,1.0
136.0,0.002,0.0,0.004,0.0,0.0,0.0,43.0,0.7,39.0,5.2,23.0,131.0,154.0,3.0,0.0,141.0,140.0,142.0,0.0,0.0,1.0
136.0,0.0,0.0,0.006,0.003,0.0,0.0,56.0,1.1,32.0,7.4,95.0,74.0,169.0,4.0,3.0,140.0,137.0,140.0,12.0,1.0,1.0
123.0,0.003,0.003,0.0,0.0,0.0,0.0,52.0,0.8,3.0,14.3,77.0,63.0,140.0,7.0,0.0,127.0,128.0,130.0,5.0,1.0,1.0
138.0,0.0,0.0,0.004,0.0,0.0,0.0,42.0,0.7,48.0,7.2,39.0,113.0,152.0,2.0,0.0,141.0,139.0,142.0,1.0,1.0,1.0
133.0,0.001,0.0,0.008,0.004,0.0,0.003,62.0,2.2,0.0,0.0,133.0,52.0,185.0,5.0,0.0,125.0,100.0,108.0,114.0,0.0,3.0
132.0,0.0,0.0,0.008,0.0,0.0,0.0,51.0,0.6,2.0,9.6,25.0,116.0,141.0,1.0,0.0,136.0,135.0,137.0,1.0,1.0,1.0
140.0,0.0,0.001,0.003,0.007,0.0,0.0,62.0,1.2,0.0,3.9,93.0,66.0,159.0,5.0,2.0,142.0,136.0,144.0,26.0,1.0,1.0
130.0,0.002,0.002,0.008,0.008,0.0,0.002,64.0,2.5,0.0,0.0,161.0,50.0,211.0,7.0,0.0,60.0,83.0,114.0,241.0,-1.0,3.0
122.0,0.002,0.0,0.0,0.007,0.0,0.0,12.0,3.6,0.0,25.3,129.0,51.0,180.0,7.0,1.0,122.0,119.0,122.0,79.0,0.0,1.0
127.0,0.0,0.0,0.005,0.0,0.0,0.0,63.0,0.5,71.0,4.0,12.0,119.0,131.0,1.0,0.0,123.0,123.0,124.0,0.0,0.0,1.0
123.0,0.011,0.002,0.003,0.0,0.0,0.0,55.0,2.1,0.0,1.1,75.0,85.0,160.0,6.0,0.0,133.0,133.0,136.0,8.0,1.0,1.0
127.0,0.0,0.001,0.005,0.0,0.0,0.0,62.0,0.7,58.0,4.1,20.0,120.0,140.0,1.0,0.0,126.0,125.0,126.0,0.0,-1.0,1.0
140.0,0.0,0.004,0.005,0.004,0.0,0.0,63.0,1.2,3.0,8.1,94.0,65.0,159.0,2.0,2.0,140.0,133.0,140.0,22.0,1.0,1.0
148.0,0.002,0.0,0.007,0.0,0.0,0.0,42.0,0.7,12.0,7.1,36.0,144.0,180.0,1.0,0.0,163.0,159.0,161.0,3.0,0.0,1.0
118.0,0.0,0.0,0.002,0.002,0.0,0.0,24.0,1.5,0.0,9.7,55.0,89.0,144.0,1.0,1.0,125.0,118.0,121.0,10.0,0.0,1.0
130.0,0.0,0.346,0.0,0.0,0.0,0.003,80.0,0.3,0.0,7.4,49.0,96.0,145.0,3.0,0.0,108.0,123.0,122.0,39.0,1.0,3.0
147.0,0.006,0.0,0.004,0.0,0.0,0.0,44.0,0.7,36.0,3.6,35.0,143.0,178.0,0.0,0.0,157.0,158.0,159.0,1.0,0.0,1.0
130.0,0.002,0.002,0.009,0.009,0.0,0.002,63.0,2.3,0.0,0.0,161.0,50.0,211.0,5.0,0.0,60.0,88.0,113.0,254.0,-1.0,3.0
144.0,0.001,0.049,0.001,0.009,0.0,0.0,65.0,3.6,0.0,1.7,143.0,67.0,210.0,7.0,1.0,145.0,108.0,149.0,38.0,0.0,1.0
148.0,0.005,0.0,0.002,0.0,0.0,0.0,40.0,0.9,0.0,10.6,35.0,136.0,171.0,1.0,0.0,153.0,155.0,156.0,4.0,0.0,1.0
122.0,0.005,0.0,0.0,0.0,0.0,0.0,20.0,2.1,0.0,9.8,55.0,101.0,156.0,4.0,1.0,127.0,126.0,127.0,7.0,0.0,1.0
138.0,0.0,0.0,0.005,0.0,0.0,0.0,36.0,2.4,0.0,16.0,78.0,114.0,192.0,6.0,1.0,160.0,157.0,160.0,14.0,0.0,2.0
144.0,0.002,0.0,0.003,0.0,0.0,0.0,49.0,0.7,3.0,9.8,44.0,140.0,184.0,3.0,0.0,162.0,158.0,162.0,4.0,0.0,2.0
140.0,0.0,0.001,0.002,0.008,0.0,0.0,61.0,1.3,0.0,3.9,93.0,66.0,159.0,7.0,1.0,142.0,135.0,144.0,24.0,1.0,1.0
133.0,0.014,0.0,0.004,0.001,0.0,0.0,28.0,1.6,0.0,0.0,89.0,91.0,180.0,7.0,1.0,163.0,152.0,158.0,34.0,1.0,1.0
144.0,0.001,0.0,0.005,0.0,0.0,0.0,30.0,1.1,0.0,13.5,43.0,122.0,165.0,0.0,0.0,148.0,147.0,149.0,3.0,0.0,1.0
132.0,0.01,0.0,0.003,0.005,0.0,0.0,20.0,2.1,0.0,2.9,99.0,76.0,175.0,5.0,0.0,141.0,138.0,142.0,29.0,1.0,1.0
146.0,0.0,0.006,0.0,0.0,0.0,0.0,77.0,0.3,61.0,5.7,29.0,120.0,149.0,4.0,0.0,147.0,146.0,147.0,0.0,1.0,2.0
131.0,0.014,0.015,0.001,0.0,0.0,0.0,29.0,3.7,0.0,4.8,120.0,51.0,171.0,11.0,1.0,150.0,144.0,151.0,33.0,1.0,1.0
148.0,0.0,0.0,0.005,0.0,0.0,0.0,50.0,0.5,62.0,4.7,10.0,153.0,163.0,1.0,0.0,160.0,159.0,161.0,0.0,1.0,2.0
106.0,0.006,0.0,0.006,0.0,0.0,0.0,64.0,0.7,0.0,12.6,54.0,100.0,154.0,3.0,0.0,112.0,116.0,114.0,14.0,-1.0,1.0
132.0,0.0,0.112,0.004,0.014,0.0,0.0,22.0,6.9,0.0,6.3,149.0,50.0,199.0,10.0,0.0,123.0,112.0,115.0,66.0,0.0,1.0
138.0,0.004,0.017,0.0,0.0,0.0,0.0,42.0,1.0,0.0,13.6,115.0,71.0,186.0,5.0,0.0,144.0,143.0,144.0,6.0,0.0,1.0
140.0,0.0,0.0,0.0,0.0,0.0,0.0,64.0,0.5,37.0,7.6,76.0,84.0,160.0,5.0,0.0,141.0,140.0,142.0,1.0,1.0,2.0
122.0,0.018,0.0,0.002,0.0,0.0,0.0,22.0,2.5,0.0,2.2,52.0,100.0,152.0,1.0,0.0,136.0,132.0,134.0,6.0,0.0,1.0
145.0,0.014,0.026,0.001,0.0,0.0,0.0,40.0,1.1,0.0,1.2,113.0,73.0,186.0,4.0,0.0,165.0,163.0,165.0,11.0,1.0,1.0
128.0,0.001,0.006,0.006,0.0,0.0,0.0,76.0,1.7,25.0,1.9,22.0,124.0,146.0,2.0,0.0,128.0,127.0,130.0,1.0,-1.0,1.0
143.0,0.0,0.002,0.0,0.0,0.0,0.0,56.0,0.6,0.0,8.9,59.0,106.0,165.0,3.0,0.0,148.0,149.0,150.0,1.0,1.0,1.0
125.0,0.0,0.05,0.0,0.008,0.0,0.0,22.0,3.9,0.0,13.1,145.0,52.0,197.0,7.0,1.0,121.0,117.0,121.0,23.0,0.0,1.0
135.0,0.011,0.0,0.005,0.002,0.0,0.0,25.0,2.5,0.0,4.6,89.0,89.0,178.0,5.0,2.0,143.0,145.0,147.0,10.0,0.0,1.0
152.0,0.0,0.0,0.007,0.002,0.0,0.0,56.0,0.6,39.0,6.8,61.0,99.0,160.0,3.0,2.0,157.0,153.0,156.0,5.0,1.0,1.0
125.0,0.008,0.0,0.0,0.0,0.0,0.0,41.0,1.2,0.0,11.4,63.0,98.0,161.0,4.0,0.0,138.0,135.0,137.0,6.0,0.0,1.0
129.0,0.0,0.01,0.005,0.0,0.0,0.0,64.0,0.4,54.0,5.3,23.0,118.0,141.0,1.0,0.0,131.0,130.0,132.0,0.0,0.0,2.0
132.0,0.0,0.0,0.005,0.0,0.0,0.0,49.0,2.0,0.0,23.3,89.0,62.0,151.0,5.0,0.0,133.0,133.0,135.0,8.0,1.0,1.0
141.0,0.004,0.0,0.0,0.0,0.0,0.0,45.0,1.1,0.0,16.1,100.0,70.0,170.0,1.0,0.0,153.0,151.0,152.0,7.0,1.0,1.0
128.0,0.0,0.005,0.008,0.009,0.0,0.0,63.0,2.4,0.0,1.1,107.0,64.0,171.0,6.0,0.0,129.0,114.0,127.0,18.0,0.0,1.0
125.0,0.0,0.0,0.007,0.008,0.0,0.0,64.0,1.4,0.0,2.4,90.0,65.0,155.0,6.0,0.0,111.0,111.0,114.0,8.0,0.0,1.0
143.0,0.0,0.002,0.0,0.0,0.0,0.0,74.0,0.3,54.0,4.9,23.0,131.0,154.0,3.0,0.0,151.0,150.0,151.0,0.0,1.0,2.0
135.0,0.009,0.002,0.006,0.0,0.0,0.0,60.0,0.9,0.0,3.8,39.0,124.0,163.0,2.0,0.0,148.0,143.0,146.0,6.0,0.0,1.0
110.0,0.002,0.0,0.007,0.001,0.0,0.0,62.0,0.9,0.0,11.8,64.0,92.0,156.0,5.0,0.0,112.0,113.0,113.0,12.0,-1.0,1.0
110.0,0.002,0.0,0.007,0.001,0.0,0.0,63.0,0.8,0.0,10.9,64.0,92.0,156.0,3.0,0.0,112.0,113.0,113.0,14.0,-1.0,1.0
122.0,0.0,0.0,0.0,0.001,0.0,0.0,20.0,1.8,0.0,13.8,39.0,103.0,142.0,1.0,0.0,120.0,119.0,121.0,3.0,0.0,1.0
121.0,0.006,0.002,0.004,0.002,0.0,0.0,56.0,1.4,0.0,12.3,79.0,90.0,169.0,3.0,0.0,124.0,126.0,127.0,19.0,0.0,1.0
127.0,0.006,0.0,0.008,0.005,0.0,0.0,12.0,3.4,0.0,5.7,130.0,58.0,188.0,8.0,0.0,129.0,122.0,129.0,41.0,0.0,1.0
136.0,0.0,0.0,0.007,0.0,0.0,0.0,54.0,0.5,40.0,5.6,17.0,134.0,151.0,2.0,0.0,144.0,143.0,145.0,0.0,0.0,1.0
129.0,0.015,0.0,0.006,0.0,0.0,0.0,22.0,1.6,0.0,0.5,58.0,108.0,166.0,4.0,0.0,141.0,143.0,144.0,9.0,0.0,1.0
138.0,0.006,0.0,0.004,0.0,0.0,0.0,60.0,0.7,0.0,7.7,43.0,125.0,168.0,1.0,0.0,148.0,145.0,146.0,6.0,0.0,1.0
130.0,0.01,0.0,0.009,0.004,0.0,0.0,49.0,1.5,0.0,10.3,114.0,84.0,198.0,7.0,0.0,150.0,141.0,145.0,50.0,0.0,1.0
143.0,0.004,0.0,0.005,0.002,0.0,0.0,22.0,1.8,0.0,11.5,85.0,99.0,184.0,5.0,0.0,151.0,149.0,152.0,29.0,0.0,1.0
129.0,0.01,0.04,0.004,0.0,0.0,0.0,40.0,1.4,0.0,7.5,73.0,115.0,188.0,10.0,1.0,150.0,145.0,150.0,12.0,0.0,1.0
114.0,0.0,0.0,0.008,0.0,0.0,0.0,65.0,0.5,0.0,11.6,23.0,102.0,125.0,1.0,0.0,115.0,115.0,116.0,0.0,0.0,1.0
133.0,0.0,0.003,0.006,0.0,0.0,0.0,74.0,1.3,28.0,3.9,31.0,119.0,150.0,7.0,0.0,136.0,134.0,137.0,1.0,0.0,2.0
137.0,0.001,0.0,0.005,0.0,0.0,0.0,61.0,0.4,45.0,5.1,22.0,133.0,155.0,2.0,0.0,142.0,140.0,142.0,0.0,0.0,2.0
138.0,0.001,0.0,0.004,0.0,0.0,0.0,39.0,0.8,9.0,10.9,49.0,105.0,154.0,5.0,0.0,142.0,141.0,143.0,1.0,1.0,1.0
134.0,0.006,0.001,0.007,0.004,0.0,0.0,62.0,1.1,0.0,4.9,83.0,90.0,173.0,5.0,0.0,148.0,142.0,147.0,17.0,1.0,1.0
139.0,0.002,0.002,0.002,0.0,0.0,0.0,64.0,0.4,29.0,6.5,28.0,135.0,163.0,1.0,0.0,161.0,152.0,157.0,13.0,1.0,2.0
125.0,0.004,0.029,0.003,0.004,0.0,0.0,22.0,2.8,0.0,17.2,128.0,56.0,184.0,5.0,1.0,125.0,123.0,126.0,16.0,0.0,1.0
136.0,0.0,0.0,0.002,0.0,0.0,0.0,44.0,0.7,47.0,5.3,12.0,135.0,147.0,1.0,0.0,141.0,140.0,142.0,0.0,0.0,1.0
144.0,0.003,0.0,0.007,0.0,0.0,0.0,38.0,0.9,5.0,13.4,56.0,112.0,168.0,3.0,0.0,157.0,153.0,156.0,6.0,1.0,1.0
126.0,0.002,0.0,0.009,0.0,0.0,0.0,26.0,1.3,0.0,9.0,51.0,114.0,165.0,1.0,0.0,129.0,132.0,131.0,10.0,-1.0,1.0
133.0,0.0,0.001,0.006,0.0,0.0,0.0,79.0,0.5,70.0,3.1,10.0,131.0,141.0,1.0,0.0,136.0,135.0,137.0,0.0,0.0,1.0
144.0,0.0,0.04,0.001,0.007,0.0,0.0,65.0,3.3,0.0,2.7,89.0,74.0,163.0,3.0,0.0,147.0,109.0,149.0,17.0,1.0,1.0
135.0,0.01,0.0,0.006,0.0,0.0,0.0,50.0,0.7,2.0,1.8,46.0,122.0,168.0,3.0,0.0,139.0,142.0,143.0,4.0,0.0,1.0
134.0,0.003,0.0,0.0,0.0,0.0,0.005,65.0,1.8,0.0,0.0,114.0,66.0,180.0,8.0,1.0,88.0,100.0,101.0,83.0,-1.0,3.0
137.0,0.013,0.0,0.006,0.004,0.0,0.0,56.0,2.4,0.0,0.4,136.0,52.0,188.0,5.0,0.0,160.0,141.0,161.0,51.0,1.0,1.0
134.0,0.008,0.001,0.009,0.005,0.0,0.0,57.0,1.2,0.0,0.0,95.0,92.0,187.0,4.0,0.0,151.0,147.0,154.0,44.0,0.0,1.0
137.0,0.012,0.0,0.003,0.004,0.0,0.0,58.0,1.7,0.0,1.7,136.0,52.0,188.0,7.0,1.0,149.0,145.0,158.0,44.0,1.0,1.0
126.0,0.007,0.0,0.003,0.0,0.0,0.0,48.0,0.7,0.0,6.4,37.0,118.0,155.0,2.0,0.0,133.0,135.0,135.0,6.0,0.0,1.0
141.0,0.0,0.003,0.0,0.0,0.0,0.0,76.0,0.2,62.0,4.3,12.0,134.0,146.0,1.0,0.0,142.0,140.0,142.0,0.0,0.0,2.0
122.0,0.0,0.0,0.004,0.001,0.0,0.0,27.0,1.2,0.0,10.1,43.0,93.0,136.0,2.0,0.0,125.0,122.0,124.0,3.0,1.0,1.0
158.0,0.0,0.0,0.0,0.0,0.0,0.0,54.0,0.6,34.0,8.0,93.0,77.0,170.0,3.0,0.0,165.0,163.0,165.0,2.0,1.0,1.0
138.0,0.015,0.0,0.003,0.0,0.0,0.0,50.0,1.0,0.0,2.2,72.0,99.0,171.0,5.0,1.0,147.0,147.0,148.0,7.0,1.0,1.0
125.0,0.005,0.008,0.002,0.001,0.0,0.0,24.0,1.6,0.0,14.6,55.0,97.0,152.0,6.0,2.0,131.0,130.0,132.0,6.0,0.0,1.0
120.0,0.003,0.02,0.004,0.0,0.0,0.0,36.0,1.5,0.0,13.5,112.0,62.0,174.0,6.0,0.0,119.0,129.0,125.0,42.0,0.0,1.0
120.0,0.003,0.008,0.004,0.0,0.0,0.0,41.0,1.1,0.0,9.9,67.0,105.0,172.0,4.0,0.0,123.0,127.0,126.0,16.0,-1.0,1.0
134.0,0.009,0.0,0.01,0.005,0.0,0.0,57.0,1.2,0.0,0.0,101.0,86.0,187.0,3.0,0.0,151.0,148.0,155.0,47.0,1.0,1.0
137.0,0.0,0.001,0.006,0.003,0.0,0.0,59.0,1.8,0.0,6.5,102.0,64.0,166.0,5.0,2.0,142.0,134.0,140.0,14.0,1.0,1.0
144.0,0.008,0.0,0.007,0.0,0.0,0.0,33.0,1.1,0.0,6.2,100.0,78.0,178.0,5.0,0.0,149.0,152.0,152.0,8.0,1.0,1.0
127.0,0.007,0.0,0.007,0.0,0.0,0.0,34.0,1.0,0.0,6.1,54.0,114.0,168.0,1.0,0.0,131.0,136.0,134.0,15.0,-1.0,1.0
122.0,0.001,0.0,0.006,0.001,0.0,0.0,21.0,1.7,0.0,14.3,37.0,105.0,142.0,1.0,0.0,125.0,123.0,125.0,3.0,0.0,1.0
120.0,0.011,0.052,0.0,0.0,0.0,0.0,33.0,2.7,0.0,10.4,142.0,51.0,193.0,9.0,0.0,167.0,148.0,156.0,76.0,1.0,1.0
128.0,0.0,0.002,0.0,0.0,0.0,0.0,78.0,0.2,32.0,6.8,17.0,127.0,144.0,2.0,0.0,133.0,135.0,135.0,2.0,0.0,2.0
125.0,0.0,0.0,0.005,0.0,0.0,0.0,38.0,0.8,18.0,6.7,25.0,118.0,143.0,1.0,0.0,131.0,129.0,131.0,0.0,0.0,1.0
135.0,0.006,0.0,0.0,0.0,0.0,0.0,58.0,1.2,0.0,5.2,51.0,111.0,162.0,2.0,0.0,141.0,141.0,143.0,6.0,0.0,1.0
136.0,0.002,0.0,0.006,0.0,0.0,0.0,39.0,0.9,8.0,11.2,47.0,107.0,154.0,1.0,0.0,138.0,139.0,139.0,2.0,0.0,1.0
147.0,0.006,0.0,0.006,0.0,0.0,0.0,42.0,0.9,37.0,4.9,42.0,132.0,174.0,1.0,0.0,157.0,157.0,159.0,1.0,0.0,1.0
131.0,0.009,0.0,0.004,0.001,0.0,0.0,54.0,1.5,0.0,4.0,85.0,84.0,169.0,6.0,0.0,151.0,141.0,144.0,22.0,1.0,1.0
138.0,0.0,0.0,0.005,0.0,0.0,0.0,45.0,0.7,56.0,6.5,39.0,113.0,152.0,3.0,0.0,141.0,139.0,141.0,1.0,1.0,1.0
125.0,0.002,0.014,0.006,0.008,0.0,0.0,18.0,2.7,0.0,6.3,125.0,53.0,178.0,10.0,0.0,131.0,115.0,121.0,72.0,0.0,1.0
122.0,0.004,0.0,0.006,0.006,0.0,0.0,21.0,1.7,0.0,6.7,69.0,74.0,143.0,4.0,0.0,133.0,121.0,126.0,32.0,1.0,1.0
149.0,0.003,0.0,0.0,0.0,0.0,0.0,51.0,0.9,9.0,10.6,94.0,77.0,171.0,4.0,1.0,153.0,154.0,154.0,5.0,1.0,1.0
136.0,0.005,0.0,0.003,0.004,0.0,0.0,37.0,1.2,0.0,8.6,94.0,64.0,158.0,2.0,0.0,139.0,137.0,141.0,21.0,1.0,1.0
144.0,0.002,0.0,0.005,0.001,0.0,0.0,34.0,1.2,5.0,10.2,80.0,102.0,182.0,4.0,0.0,157.0,152.0,155.0,17.0,0.0,1.0
125.0,0.001,0.001,0.008,0.007,0.0,0.0,62.0,1.6,0.0,4.8,82.0,71.0,153.0,5.0,0.0,130.0,118.0,125.0,30.0,0.0,1.0
119.0,0.0,0.0,0.007,0.0,0.0,0.0,27.0,1.2,0.0,13.0,37.0,109.0,146.0,1.0,0.0,120.0,120.0,121.0,1.0,-1.0,1.0
120.0,0.0,0.002,0.0,0.0,0.0,0.0,69.0,0.3,21.0,7.0,19.0,114.0,133.0,2.0,0.0,120.0,120.0,121.0,0.0,-1.0,2.0
130.0,0.0,0.002,0.0,0.0,0.0,0.0,59.0,0.4,37.0,6.6,21.0,125.0,146.0,2.0,0.0,129.0,132.0,132.0,2.0,-1.0,1.0
144.0,0.006,0.006,0.003,0.0,0.0,0.0,34.0,1.6,0.0,19.8,104.0,71.0,175.0,4.0,1.0,148.0,149.0,151.0,11.0,1.0,1.0
130.0,0.007,0.0,0.007,0.0,0.0,0.0,36.0,1.1,0.0,8.9,66.0,90.0,156.0,6.0,1.0,136.0,135.0,137.0,5.0,1.0,1.0
141.0,0.0,0.007,0.0,0.0,0.0,0.0,71.0,0.4,67.0,10.8,78.0,69.0,147.0,2.0,0.0,144.0,142.0,144.0,2.0,1.0,2.0
122.0,0.0,0.0,0.0,0.0,0.0,0.0,29.0,1.2,0.0,8.5,26.0,107.0,133.0,1.0,0.0,126.0,124.0,126.0,1.0,1.0,1.0
120.0,0.0,0.0,0.004,0.007,0.0,0.001,64.0,1.3,0.0,8.4,85.0,69.0,154.0,3.0,1.0,86.0,97.0,93.0,48.0,-1.0,3.0
144.0,0.001,0.0,0.005,0.0,0.0,0.0,45.0,0.8,2.0,11.5,30.0,138.0,168.0,3.0,0.0,162.0,157.0,160.0,5.0,1.0,1.0
133.0,0.0,0.004,0.006,0.004,0.0,0.0,60.0,2.5,0.0,0.0,65.0,83.0,148.0,2.0,0.0,131.0,122.0,130.0,14.0,1.0,1.0
150.0,0.0,0.002,0.0,0.0,0.0,0.0,84.0,0.3,37.0,5.2,16.0,140.0,156.0,0.0,0.0,150.0,150.0,151.0,0.0,0.0,3.0
136.0,0.0,0.0,0.003,0.0,0.0,0.0,47.0,0.9,2.0,10.6,39.0,119.0,158.0,2.0,1.0,144.0,143.0,145.0,1.0,0.0,1.0
133.0,0.0,0.006,0.007,0.0,0.0,0.0,68.0,3.0,1.0,1.3,57.0,91.0,148.0,8.0,0.0,133.0,129.0,134.0,2.0,1.0,1.0
128.0,0.0,0.002,0.002,0.0,0.0,0.0,70.0,1.9,16.0,4.1,20.0,119.0,139.0,2.0,0.0,130.0,127.0,131.0,1.0,0.0,1.0
138.0,0.016,0.0,0.005,0.0,0.0,0.0,51.0,0.9,0.0,0.1,49.0,122.0,171.0,3.0,0.0,147.0,149.0,150.0,6.0,0.0,1.0
123.0,0.003,0.004,0.0,0.0,0.0,0.0,50.0,0.9,4.0,14.8,82.0,58.0,140.0,7.0,0.0,129.0,128.0,130.0,5.0,1.0,1.0
127.0,0.0,0.001,0.006,0.0,0.0,0.0,62.0,0.7,64.0,4.1,20.0,120.0,140.0,1.0,0.0,124.0,125.0,126.0,1.0,-1.0,1.0
138.0,0.014,0.0,0.004,0.0,0.0,0.0,51.0,0.9,0.0,2.2,49.0,122.0,171.0,3.0,0.0,147.0,148.0,149.0,5.0,0.0,1.0
143.0,0.01,0.0,0.001,0.0,0.0,0.0,59.0,0.8,0.0,7.2,72.0,96.0,168.0,3.0,0.0,152.0,146.0,150.0,8.0,1.0,1.0
120.0,0.0,0.0,0.005,0.006,0.0,0.001,62.0,1.5,0.0,9.3,85.0,69.0,154.0,4.0,1.0,86.0,101.0,98.0,64.0,-1.0,3.0
125.0,0.0,0.0,0.008,0.0,0.0,0.0,34.0,1.1,0.0,14.6,85.0,114.0,199.0,4.0,0.0,126.0,127.0,128.0,3.0,-1.0,1.0
119.0,0.001,0.0,0.004,0.001,0.0,0.0,29.0,1.3,2.0,10.6,89.0,77.0,166.0,3.0,1.0,121.0,121.0,123.0,4.0,0.0,1.0
142.0,0.004,0.0,0.006,0.011,0.0,0.0,32.0,1.8,0.0,0.0,115.0,67.0,182.0,2.0,0.0,157.0,133.0,142.0,115.0,1.0,1.0
120.0,0.0,0.0,0.004,0.012,0.0,0.0,59.0,1.6,0.0,10.8,83.0,69.0,152.0,4.0,1.0,105.0,106.0,107.0,31.0,0.0,3.0
130.0,0.001,0.0,0.012,0.013,0.0,0.0,62.0,2.0,0.0,0.0,127.0,50.0,177.0,7.0,0.0,60.0,95.0,112.0,269.0,0.0,3.0
133.0,0.0,0.003,0.0,0.0,0.0,0.0,45.0,0.9,0.0,17.9,38.0,121.0,159.0,3.0,0.0,133.0,135.0,136.0,5.0,0.0,1.0
134.0,0.011,0.001,0.008,0.005,0.0,0.0,55.0,1.5,0.0,0.0,101.0,86.0,187.0,5.0,0.0,151.0,149.0,157.0,49.0,1.0,1.0
129.0,0.0,0.34,0.004,0.002,0.0,0.003,30.0,2.1,0.0,8.5,128.0,54.0,182.0,13.0,0.0,129.0,104.0,120.0,138.0,0.0,3.0
132.0,0.013,0.0,0.011,0.0,0.0,0.002,28.0,1.7,0.0,0.0,104.0,62.0,166.0,7.0,1.0,145.0,134.0,145.0,76.0,1.0,1.0
152.0,0.0,0.0,0.002,0.002,0.0,0.0,61.0,0.5,61.0,3.4,61.0,99.0,160.0,4.0,3.0,159.0,155.0,158.0,4.0,1.0,2.0
125.0,0.007,0.0,0.0,0.0,0.0,0.0,44.0,0.9,0.0,7.7,38.0,118.0,156.0,3.0,0.0,138.0,137.0,139.0,3.0,0.0,1.0
137.0,0.0,0.001,0.0,0.0,0.0,0.0,60.0,0.6,22.0,13.1,96.0,71.0,167.0,3.0,0.0,143.0,144.0,144.0,3.0,1.0,2.0
146.0,0.0,0.0,0.001,0.0,0.0,0.0,53.0,0.5,32.0,8.2,27.0,136.0,163.0,2.0,1.0,160.0,156.0,158.0,2.0,1.0,1.0
131.0,0.006,0.0,0.005,0.006,0.0,0.0,38.0,1.3,0.0,2.9,95.0,58.0,153.0,5.0,0.0,143.0,131.0,142.0,64.0,1.0,1.0
128.0,0.007,0.009,0.003,0.005,0.0,0.0,32.0,1.6,0.0,3.5,109.0,68.0,177.0,11.0,0.0,137.0,129.0,135.0,35.0,0.0,1.0
130.0,0.0,0.002,0.007,0.007,0.0,0.002,66.0,2.4,0.0,0.0,161.0,50.0,211.0,7.0,0.0,60.0,75.0,108.0,190.0,-1.0,3.0
128.0,0.006,0.006,0.005,0.004,0.0,0.0,32.0,1.5,0.0,5.4,90.0,68.0,158.0,6.0,0.0,133.0,133.0,135.0,16.0,1.0,1.0
152.0,0.0,0.0,0.004,0.0,0.0,0.0,62.0,0.4,67.0,3.9,10.0,152.0,162.0,1.0,0.0,160.0,158.0,160.0,0.0,1.0,2.0
125.0,0.01,0.007,0.002,0.0,0.0,0.0,19.0,1.9,0.0,6.8,96.0,101.0,197.0,8.0,1.0,133.0,131.0,133.0,5.0,-1.0,1.0
137.0,0.0,0.0,0.007,0.003,0.0,0.0,58.0,1.9,0.0,6.5,102.0,64.0,166.0,10.0,2.0,142.0,134.0,141.0,14.0,1.0,1.0
144.0,0.011,0.0,0.006,0.0,0.0,0.0,43.0,0.8,0.0,4.6,40.0,134.0,174.0,2.0,0.0,155.0,154.0,156.0,3.0,0.0,1.0
131.0,0.0,0.0,0.007,0.005,0.0,0.0,40.0,1.1,13.0,4.9,100.0,51.0,151.0,7.0,0.0,143.0,132.0,139.0,43.0,1.0,1.0
142.0,0.002,0.0,0.007,0.0,0.0,0.0,42.0,1.0,0.0,12.2,61.0,130.0,191.0,4.0,0.0,148.0,147.0,149.0,2.0,-1.0,1.0
140.0,0.006,0.001,0.004,0.001,0.0,0.0,41.0,1.7,0.0,8.3,121.0,52.0,173.0,12.0,1.0,159.0,149.0,154.0,30.0,1.0,1.0
128.0,0.0,0.0,0.003,0.0,0.0,0.0,86.0,0.3,79.0,2.9,16.0,114.0,130.0,0.0,0.0,128.0,126.0,129.0,0.0,1.0,3.0
133.0,0.0,0.004,0.008,0.004,0.0,0.0,62.0,2.2,0.0,0.5,48.0,97.0,145.0,2.0,0.0,133.0,123.0,129.0,11.0,1.0,1.0
125.0,0.0,0.0,0.004,0.0,0.0,0.0,37.0,0.8,20.0,7.1,22.0,116.0,138.0,2.0,0.0,126.0,125.0,127.0,1.0,0.0,1.0
138.0,0.006,0.0,0.003,0.004,0.0,0.0,49.0,1.6,0.0,5.7,92.0,80.0,172.0,5.0,0.0,142.0,140.0,144.0,22.0,1.0,1.0
148.0,0.0,0.015,0.0,0.0,0.0,0.0,74.0,0.2,78.0,3.6,14.0,139.0,153.0,0.0,0.0,148.0,148.0,149.0,0.0,0.0,3.0
146.0,0.0,0.021,0.0,0.0,0.0,0.0,68.0,0.3,23.0,7.2,20.0,136.0,156.0,1.0,0.0,147.0,147.0,148.0,1.0,0.0,2.0
122.0,0.0,0.0,0.001,0.0,0.0,0.0,37.0,0.8,2.0,9.4,33.0,99.0,132.0,2.0,0.0,123.0,122.0,124.0,1.0,1.0,1.0
152.0,0.0,0.0,0.004,0.001,0.0,0.0,57.0,0.6,50.0,6.8,53.0,110.0,163.0,4.0,3.0,159.0,154.0,158.0,5.0,1.0,1.0
122.0,0.0,0.0,0.011,0.011,0.0,0.0,13.0,3.8,0.0,23.6,98.0,60.0,158.0,6.0,1.0,127.0,113.0,115.0,41.0,0.0,1.0
140.0,0.0,0.0,0.005,0.001,0.0,0.0,77.0,0.7,17.0,6.0,31.0,124.0,155.0,2.0,0.0,145.0,143.0,145.0,2.0,0.0,1.0
122.0,0.0,0.0,0.004,0.0,0.0,0.0,25.0,1.2,0.0,11.0,31.0,105.0,136.0,0.0,0.0,125.0,122.0,124.0,2.0,0.0,1.0
133.0,0.0,0.003,0.009,0.004,0.0,0.0,61.0,2.5,0.0,0.1,62.0,86.0,148.0,2.0,0.0,133.0,123.0,130.0,14.0,1.0,1.0
135.0,0.0,0.0,0.007,0.0,0.0,0.0,59.0,0.5,32.0,6.1,16.0,132.0,148.0,1.0,0.0,140.0,140.0,142.0,0.0,0.0,1.0
122.0,0.0,0.0,0.006,0.009,0.0,0.0,18.0,1.9,0.0,8.8,44.0,91.0,135.0,4.0,0.0,126.0,117.0,121.0,19.0,1.0,1.0
125.0,0.002,0.002,0.009,0.009,0.0,0.0,63.0,1.2,0.0,0.8,100.0,64.0,164.0,8.0,1.0,114.0,114.0,117.0,15.0,0.0,1.0
144.0,0.0,0.0,0.008,0.0,0.0,0.0,48.0,0.6,6.0,11.4,31.0,129.0,160.0,1.0,0.0,148.0,147.0,149.0,1.0,0.0,1.0
131.0,0.01,0.0,0.003,0.001,0.0,0.0,54.0,1.4,0.0,3.3,85.0,84.0,169.0,7.0,0.0,151.0,143.0,147.0,20.0,1.0,1.0
141.0,0.006,0.0,0.007,0.0,0.0,0.0,58.0,0.6,0.0,8.1,39.0,132.0,171.0,0.0,0.0,153.0,153.0,155.0,3.0,0.0,1.0
146.0,0.004,0.0,0.004,0.004,0.0,0.0,31.0,1.5,22.0,6.5,88.0,84.0,172.0,1.0,1.0,162.0,150.0,156.0,36.0,1.0,1.0
122.0,0.002,0.0,0.0,0.0,0.0,0.0,23.0,1.6,0.0,16.2,33.0,109.0,142.0,2.0,1.0,126.0,127.0,128.0,3.0,0.0,1.0
138.0,0.0,0.0,0.005,0.0,0.0,0.0,65.0,0.4,14.0,7.0,20.0,129.0,149.0,3.0,0.0,141.0,140.0,142.0,1.0,0.0,2.0
123.0,0.0,0.0,0.001,0.0,0.0,0.0,73.0,0.3,72.0,5.2,28.0,108.0,136.0,3.0,0.0,123.0,124.0,125.0,1.0,0.0,3.0
132.0,0.001,0.0,0.004,0.004,0.0,0.0,28.0,1.6,4.0,17.9,97.0,56.0,153.0,9.0,3.0,136.0,130.0,135.0,25.0,1.0,1.0
138.0,0.004,0.0,0.0,0.003,0.0,0.0,46.0,1.0,16.0,3.9,116.0,51.0,167.0,6.0,3.0,151.0,144.0,151.0,30.0,1.0,1.0
143.0,0.0,0.0,0.001,0.0,0.0,0.0,56.0,0.6,12.0,12.2,116.0,68.0,184.0,5.0,1.0,145.0,145.0,147.0,3.0,1.0,1.0
146.0,0.003,0.0,0.004,0.002,0.0,0.0,38.0,1.2,33.0,6.9,78.0,94.0,172.0,2.0,3.0,162.0,154.0,158.0,19.0,1.0,1.0
147.0,0.0,0.0,0.005,0.0,0.0,0.0,48.0,0.6,52.0,5.2,18.0,149.0,167.0,2.0,0.0,160.0,158.0,159.0,0.0,0.0,2.0
131.0,0.008,0.0,0.006,0.0,0.0,0.0,25.0,1.3,0.0,6.8,42.0,117.0,159.0,1.0,0.0,136.0,138.0,139.0,5.0,0.0,1.0
134.0,0.0,0.003,0.0,0.0,0.0,0.0,81.0,0.2,53.0,4.9,16.0,129.0,145.0,2.0,0.0,135.0,135.0,136.0,1.0,0.0,3.0
140.0,0.002,0.001,0.007,0.005,0.0,0.0,64.0,1.2,0.0,6.5,66.0,95.0,161.0,5.0,0.0,143.0,134.0,141.0,21.0,1.0,1.0
134.0,0.003,0.0,0.006,0.008,0.0,0.0,14.0,3.0,0.0,0.0,98.0,82.0,180.0,3.0,0.0,126.0,129.0,129.0,46.0,0.0,1.0
132.0,0.006,0.0,0.006,0.003,0.0,0.0,17.0,2.1,0.0,10.4,130.0,68.0,198.0,6.0,1.0,141.0,136.0,140.0,12.0,0.0,1.0
138.0,0.008,0.0,0.0,0.003,0.0,0.0,49.0,1.6,0.0,4.7,92.0,80.0,172.0,4.0,1.0,142.0,142.0,145.0,21.0,1.0,1.0
138.0,0.0,0.0,0.005,0.001,0.0,0.003,57.0,1.3,11.0,10.2,132.0,60.0,192.0,11.0,1.0,140.0,126.0,137.0,75.0,0.0,2.0
143.0,0.0,0.0,0.006,0.0,0.0,0.0,67.0,0.4,4.0,13.3,56.0,106.0,162.0,3.0,1.0,146.0,145.0,147.0,2.0,1.0,1.0
135.0,0.002,0.0,0.0,0.0,0.0,0.0,63.0,0.5,8.0,5.4,33.0,133.0,166.0,1.0,0.0,141.0,142.0,143.0,1.0,-1.0,2.0
130.0,0.006,0.033,0.004,0.0,0.0,0.0,46.0,0.8,0.0,6.9,88.0,71.0,159.0,3.0,0.0,133.0,141.0,139.0,15.0,1.0,1.0
142.0,0.0,0.0,0.007,0.0,0.0,0.0,60.0,0.4,8.0,7.7,20.0,136.0,156.0,0.0,0.0,147.0,146.0,148.0,1.0,0.0,2.0
130.0,0.008,0.001,0.006,0.005,0.0,0.0,52.0,1.7,0.0,0.3,101.0,77.0,178.0,3.0,0.0,135.0,134.0,137.0,48.0,0.0,1.0
130.0,0.006,0.441,0.005,0.005,0.0,0.0,24.0,2.1,0.0,10.9,125.0,53.0,178.0,5.0,0.0,143.0,128.0,138.0,70.0,1.0,1.0
122.0,0.0,0.0,0.001,0.0,0.0,0.0,25.0,1.3,4.0,9.5,30.0,106.0,136.0,1.0,0.0,125.0,122.0,124.0,3.0,0.0,1.0
131.0,0.0,0.0,0.008,0.009,0.0,0.0,25.0,2.4,3.0,3.9,108.0,59.0,167.0,7.0,1.0,136.0,120.0,134.0,82.0,1.0,1.0
132.0,0.01,0.0,0.01,0.0,0.0,0.0,27.0,1.7,0.0,11.3,122.0,54.0,176.0,8.0,0.0,150.0,146.0,149.0,18.0,1.0,1.0
135.0,0.006,0.0,0.007,0.0,0.0,0.0,48.0,0.7,1.0,8.1,42.0,120.0,162.0,5.0,0.0,139.0,141.0,142.0,4.0,0.0,1.0
128.0,0.0,0.0,0.01,0.005,0.0,0.0,46.0,2.1,0.0,11.6,114.0,50.0,164.0,8.0,1.0,129.0,123.0,128.0,17.0,1.0,1.0
118.0,0.005,0.0,0.01,0.003,0.0,0.0,41.0,2.5,0.0,5.8,119.0,52.0,171.0,6.0,0.0,123.0,122.0,124.0,19.0,0.0,1.0
134.0,0.009,0.001,0.006,0.005,0.0,0.0,60.0,1.1,0.0,0.5,99.0,88.0,187.0,6.0,0.0,151.0,145.0,151.0,38.0,0.0,1.0
122.0,0.003,0.0,0.003,0.0,0.0,0.0,32.0,1.2,0.0,8.7,52.0,95.0,147.0,3.0,1.0,123.0,122.0,124.0,4.0,0.0,1.0
137.0,0.0,0.004,0.001,0.0,0.0,0.0,75.0,0.2,32.0,7.0,24.0,127.0,151.0,2.0,0.0,138.0,139.0,140.0,1.0,0.0,2.0
146.0,0.005,0.0,0.005,0.0,0.0,0.0,39.0,0.8,21.0,5.2,28.0,143.0,171.0,2.0,0.0,154.0,153.0,154.0,1.0,0.0,1.0
127.0,0.0,0.0,0.005,0.005,0.0,0.0,19.0,2.3,0.0,25.4,78.0,81.0,159.0,4.0,0.0,131.0,125.0,128.0,19.0,0.0,1.0
137.0,0.0,0.001,0.006,0.004,0.0,0.0,59.0,1.9,0.0,6.5,102.0,64.0,166.0,5.0,1.0,139.0,133.0,140.0,14.0,1.0,1.0
140.0,0.01,0.0,0.001,0.0,0.0,0.0,57.0,1.3,0.0,9.9,138.0,50.0,188.0,4.0,0.0,176.0,164.0,169.0,31.0,1.0,1.0
130.0,0.0,0.003,0.0,0.003,0.0,0.0,74.0,0.4,42.0,2.5,60.0,105.0,165.0,6.0,0.0,131.0,128.0,131.0,3.0,0.0,2.0
143.0,0.0,0.0,0.007,0.0,0.0,0.0,66.0,0.4,4.0,13.6,56.0,106.0,162.0,4.0,1.0,146.0,145.0,147.0,2.0,1.0,1.0
140.0,0.0,0.0,0.006,0.0,0.0,0.0,83.0,0.2,48.0,5.4,20.0,132.0,152.0,2.0,0.0,145.0,145.0,146.0,0.0,0.0,1.0
137.0,0.001,0.0,0.006,0.0,0.0,0.0,63.0,0.4,49.0,4.8,22.0,133.0,155.0,2.0,0.0,142.0,141.0,142.0,0.0,0.0,2.0
129.0,0.0,0.001,0.006,0.009,0.0,0.001,65.0,2.8,0.0,0.0,101.0,50.0,151.0,7.0,2.0,105.0,88.0,112.0,13.0,0.0,3.0
139.0,0.013,0.0,0.009,0.0,0.0,0.0,50.0,0.9,0.0,13.4,71.0,107.0,178.0,4.0,0.0,162.0,153.0,158.0,25.0,1.0,1.0
133.0,0.0,0.0,0.01,0.003,0.0,0.001,60.0,3.3,0.0,0.0,81.0,58.0,139.0,2.0,0.0,125.0,96.0,111.0,75.0,1.0,3.0
127.0,0.0,0.0,0.006,0.0,0.0,0.0,24.0,1.7,0.0,15.8,91.0,107.0,198.0,9.0,0.0,135.0,136.0,138.0,7.0,-1.0,1.0
139.0,0.009,0.001,0.008,0.006,0.0,0.0,50.0,1.4,0.0,14.5,102.0,76.0,178.0,8.0,0.0,162.0,142.0,147.0,71.0,1.0,1.0
126.0,0.004,0.0,0.003,0.0,0.0,0.0,28.0,1.2,0.0,10.3,43.0,118.0,161.0,3.0,1.0,131.0,134.0,133.0,9.0,-1.0,1.0
144.0,0.0,0.02,0.0,0.0,0.0,0.0,71.0,0.3,24.0,6.8,19.0,133.0,152.0,1.0,0.0,145.0,144.0,146.0,0.0,0.0,2.0
139.0,0.002,0.003,0.0,0.003,0.0,0.0,51.0,2.2,0.0,7.1,148.0,52.0,200.0,12.0,4.0,147.0,137.0,145.0,55.0,0.0,2.0
126.0,0.004,0.0,0.006,0.0,0.0,0.0,29.0,1.3,0.0,9.2,65.0,103.0,168.0,2.0,0.0,127.0,134.0,133.0,18.0,0.0,1.0
112.0,0.003,0.0,0.004,0.0,0.0,0.0,24.0,1.3,8.0,10.4,40.0,104.0,144.0,0.0,1.0,114.0,114.0,114.0,3.0,-1.0,1.0
125.0,0.0,0.0,0.004,0.002,0.0,0.0,32.0,1.0,15.0,6.0,33.0,97.0,130.0,1.0,0.0,123.0,121.0,124.0,2.0,1.0,1.0
130.0,0.0,0.001,0.0,0.0,0.0,0.0,59.0,0.4,34.0,6.8,21.0,125.0,146.0,1.0,0.0,129.0,132.0,133.0,3.0,-1.0,1.0
145.0,0.0,0.0,0.0,0.0,0.0,0.0,66.0,0.4,9.0,7.7,22.0,135.0,157.0,1.0,0.0,148.0,148.0,149.0,0.0,0.0,2.0
146.0,0.002,0.0,0.0,0.008,0.0,0.0,19.0,3.4,0.0,15.0,150.0,50.0,200.0,8.0,1.0,148.0,139.0,146.0,36.0,0.0,1.0
143.0,0.004,0.0,0.008,0.0,0.0,0.0,48.0,0.7,0.0,10.6,38.0,136.0,174.0,2.0,1.0,155.0,155.0,157.0,2.0,0.0,1.0
150.0,0.0,0.022,0.0,0.0,0.0,0.0,74.0,0.3,56.0,6.4,25.0,131.0,156.0,4.0,0.0,150.0,150.0,151.0,0.0,1.0,2.0
146.0,0.0,0.0,0.002,0.0,0.0,0.0,61.0,0.4,53.0,6.8,45.0,118.0,163.0,5.0,0.0,157.0,154.0,157.0,2.0,1.0,2.0
149.0,0.0,0.0,0.0,0.001,0.0,0.0,58.0,1.3,53.0,13.2,126.0,58.0,184.0,12.0,1.0,150.0,148.0,151.0,8.0,1.0,2.0
135.0,0.008,0.0,0.005,0.0,0.0,0.0,58.0,1.0,0.0,4.7,58.0,113.0,171.0,3.0,0.0,141.0,144.0,146.0,10.0,0.0,1.0
137.0,0.012,0.0,0.003,0.004,0.0,0.0,56.0,2.2,0.0,0.4,136.0,52.0,188.0,4.0,0.0,160.0,141.0,159.0,59.0,1.0,1.0
122.0,0.0,0.0,0.006,0.002,0.0,0.0,27.0,1.1,0.0,10.7,35.0,101.0,136.0,1.0,0.0,125.0,122.0,124.0,3.0,0.0,1.0
122.0,0.004,0.0,0.002,0.0,0.0,0.0,31.0,1.3,0.0,8.8,52.0,95.0,147.0,2.0,1.0,120.0,123.0,124.0,5.0,0.0,1.0
125.0,0.0,0.001,0.008,0.011,0.0,0.0,65.0,1.1,0.0,5.5,76.0,64.0,140.0,5.0,1.0,116.0,111.0,115.0,9.0,1.0,1.0
125.0,0.015,0.01,0.005,0.003,0.0,0.0,22.0,2.1,0.0,0.0,107.0,67.0,174.0,4.0,0.0,134.0,136.0,138.0,16.0,0.0,1.0
139.0,0.0,0.005,0.0,0.0,0.0,0.0,75.0,0.4,47.0,9.2,79.0,66.0,145.0,6.0,0.0,140.0,139.0,141.0,2.0,1.0,2.0
132.0,0.009,0.0,0.011,0.0,0.0,0.0,32.0,1.3,0.0,12.3,87.0,95.0,182.0,5.0,0.0,155.0,146.0,149.0,15.0,0.0,1.0
125.0,0.0,0.0,0.008,0.007,0.0,0.001,65.0,1.0,0.0,5.8,82.0,64.0,146.0,7.0,2.0,117.0,111.0,116.0,9.0,0.0,1.0
146.0,0.003,0.0,0.002,0.005,0.0,0.0,25.0,2.5,0.0,11.2,92.0,80.0,172.0,8.0,1.0,155.0,145.0,152.0,32.0,1.0,1.0
123.0,0.0,0.0,0.005,0.006,0.0,0.0,45.0,1.0,19.0,3.8,85.0,59.0,144.0,8.0,1.0,124.0,119.0,125.0,14.0,1.0,1.0
132.0,0.0,0.0,0.004,0.007,0.0,0.0,35.0,1.2,10.0,4.8,72.0,71.0,143.0,7.0,1.0,136.0,131.0,136.0,11.0,1.0,1.0
142.0,0.0,0.0,0.009,0.007,0.0,0.0,44.0,1.5,33.0,5.7,115.0,67.0,182.0,2.0,1.0,157.0,141.0,153.0,87.0,1.0,1.0
146.0,0.0,0.006,0.0,0.0,0.0,0.0,77.0,0.2,42.0,4.6,12.0,137.0,149.0,1.0,0.0,142.0,142.0,143.0,0.0,0.0,2.0
132.0,0.005,0.0,0.002,0.003,0.0,0.0,26.0,1.5,0.0,7.5,94.0,68.0,162.0,9.0,1.0,143.0,137.0,142.0,26.0,1.0,1.0
129.0,0.006,0.0,0.004,0.001,0.0,0.0,25.0,1.5,0.0,11.3,59.0,103.0,162.0,4.0,0.0,129.0,132.0,131.0,14.0,0.0,1.0
129.0,0.012,0.0,0.009,0.0,0.0,0.0,23.0,1.6,0.0,0.0,54.0,112.0,166.0,4.0,0.0,138.0,143.0,144.0,13.0,0.0,1.0
115.0,0.006,0.065,0.004,0.001,0.0,0.0,22.0,3.6,0.0,19.6,138.0,50.0,188.0,8.0,0.0,117.0,117.0,119.0,21.0,0.0,1.0
144.0,0.01,0.007,0.001,0.001,0.0,0.0,71.0,0.8,0.0,2.7,94.0,82.0,176.0,3.0,0.0,156.0,154.0,155.0,6.0,1.0,1.0
140.0,0.002,0.002,0.004,0.005,0.0,0.0,63.0,1.3,1.0,9.1,153.0,75.0,228.0,7.0,0.0,142.0,121.0,143.0,17.0,0.0,1.0
121.0,0.003,0.006,0.0,0.0,0.0,0.0,56.0,0.6,2.0,10.5,77.0,62.0,139.0,3.0,0.0,127.0,128.0,129.0,3.0,1.0,1.0
134.0,0.005,0.001,0.006,0.005,0.0,0.0,56.0,1.6,0.0,1.0,83.0,83.0,166.0,7.0,0.0,135.0,133.0,138.0,23.0,0.0,1.0
143.0,0.004,0.0,0.005,0.0,0.0,0.0,44.0,0.9,6.0,9.4,43.0,130.0,173.0,7.0,0.0,147.0,148.0,148.0,4.0,0.0,1.0
141.0,0.0,0.002,0.0,0.0,0.0,0.0,67.0,0.4,44.0,9.2,78.0,70.0,148.0,2.0,0.0,143.0,141.0,143.0,1.0,1.0,2.0
130.0,0.007,0.002,0.002,0.005,0.0,0.0,51.0,1.9,0.0,5.8,125.0,73.0,198.0,5.0,0.0,131.0,137.0,140.0,51.0,0.0,1.0
136.0,0.006,0.0,0.007,0.001,0.0,0.0,43.0,0.7,4.0,5.1,46.0,112.0,158.0,1.0,0.0,144.0,142.0,144.0,3.0,1.0,1.0
115.0,0.005,0.0,0.009,0.002,0.0,0.001,17.0,2.0,0.0,6.8,89.0,80.0,169.0,3.0,1.0,121.0,115.0,119.0,25.0,0.0,1.0
125.0,0.0,0.001,0.008,0.008,0.0,0.0,62.0,1.7,0.0,1.3,69.0,71.0,140.0,8.0,0.0,130.0,117.0,125.0,30.0,1.0,1.0
134.0,0.0,0.0,0.01,0.0,0.0,0.0,27.0,2.8,8.0,26.1,74.0,89.0,163.0,7.0,1.0,138.0,134.0,138.0,13.0,0.0,1.0
130.0,0.001,0.001,0.012,0.01,0.0,0.001,62.0,2.2,0.0,0.0,161.0,50.0,211.0,9.0,0.0,60.0,89.0,113.0,250.0,0.0,3.0
120.0,0.0,0.004,0.004,0.0,0.0,0.0,53.0,0.6,3.0,8.1,19.0,116.0,135.0,1.0,0.0,125.0,123.0,125.0,1.0,0.0,1.0
133.0,0.0,0.004,0.005,0.004,0.0,0.0,62.0,2.2,0.0,2.0,103.0,62.0,165.0,3.0,0.0,129.0,117.0,128.0,44.0,0.0,1.0
151.0,0.006,0.007,0.002,0.0,0.0,0.0,56.0,0.5,23.0,3.8,37.0,141.0,178.0,3.0,0.0,157.0,160.0,160.0,4.0,0.0,1.0
140.0,0.0,0.003,0.005,0.004,0.0,0.0,63.0,1.2,3.0,8.1,94.0,65.0,159.0,3.0,2.0,140.0,131.0,139.0,28.0,1.0,1.0
136.0,0.006,0.0,0.008,0.0,0.0,0.0,45.0,0.8,2.0,6.4,29.0,129.0,158.0,2.0,0.0,144.0,143.0,145.0,1.0,0.0,1.0
127.0,0.005,0.0,0.009,0.0,0.0,0.0,32.0,1.1,0.0,7.0,57.0,114.0,171.0,2.0,0.0,127.0,137.0,135.0,23.0,-1.0,1.0
130.0,0.006,0.408,0.004,0.005,0.0,0.001,21.0,2.3,0.0,7.9,107.0,67.0,174.0,7.0,0.0,143.0,125.0,135.0,76.0,0.0,1.0
128.0,0.0,0.007,0.007,0.007,0.0,0.0,64.0,2.2,0.0,0.0,84.0,87.0,171.0,5.0,1.0,129.0,118.0,125.0,13.0,0.0,1.0
125.0,0.0,0.001,0.009,0.008,0.0,0.001,64.0,1.1,0.0,5.0,82.0,64.0,146.0,5.0,2.0,116.0,110.0,115.0,10.0,0.0,1.0
142.0,0.005,0.0,0.001,0.0,0.0,0.0,39.0,0.8,0.0,10.2,53.0,106.0,159.0,7.0,0.0,150.0,149.0,151.0,2.0,1.0,1.0
127.0,0.011,0.0,0.01,0.001,0.0,0.0,24.0,1.5,0.0,1.7,67.0,109.0,176.0,3.0,0.0,155.0,148.0,152.0,19.0,0.0,1.0
144.0,0.0,0.019,0.0,0.0,0.0,0.0,76.0,0.4,61.0,10.6,81.0,71.0,152.0,3.0,0.0,145.0,144.0,146.0,2.0,1.0,2.0
151.0,0.0,0.0,0.008,0.005,0.0,0.0,60.0,0.9,17.0,3.4,124.0,50.0,174.0,8.0,0.0,156.0,148.0,155.0,37.0,1.0,2.0
120.0,0.0,0.01,0.004,0.0,0.0,0.0,38.0,1.3,0.0,15.8,59.0,103.0,162.0,6.0,0.0,119.0,118.0,120.0,4.0,-1.0,1.0
115.0,0.004,0.0,0.008,0.002,0.0,0.001,23.0,1.9,0.0,8.5,123.0,71.0,194.0,4.0,0.0,131.0,129.0,132.0,59.0,0.0,1.0
128.0,0.0,0.008,0.007,0.01,0.0,0.0,63.0,2.8,0.0,1.4,96.0,64.0,160.0,3.0,0.0,127.0,114.0,129.0,16.0,0.0,1.0
138.0,0.003,0.002,0.006,0.007,0.0,0.0,50.0,2.3,0.0,4.6,102.0,70.0,172.0,7.0,0.0,138.0,135.0,140.0,26.0,1.0,1.0
115.0,0.002,0.0,0.009,0.004,0.0,0.002,15.0,2.3,0.0,5.6,92.0,77.0,169.0,4.0,1.0,114.0,109.0,110.0,33.0,-1.0,1.0
150.0,0.0,0.028,0.0,0.0,0.0,0.0,71.0,0.4,18.0,7.9,17.0,139.0,156.0,0.0,0.0,151.0,151.0,152.0,0.0,1.0,3.0
141.0,0.005,0.023,0.002,0.001,0.0,0.0,53.0,1.0,28.0,5.2,123.0,57.0,180.0,13.0,0.0,154.0,149.0,154.0,10.0,1.0,2.0
140.0,0.0,0.022,0.0,0.0,0.0,0.0,78.0,0.2,86.0,3.4,8.0,136.0,144.0,1.0,0.0,141.0,140.0,141.0,0.0,0.0,3.0
123.0,0.002,0.0,0.001,0.0,0.0,0.0,41.0,1.1,14.0,13.4,87.0,58.0,145.0,11.0,1.0,127.0,126.0,127.0,4.0,1.0,1.0
128.0,0.001,0.011,0.005,0.004,0.0,0.001,22.0,2.2,0.0,9.4,125.0,53.0,178.0,7.0,0.0,143.0,123.0,130.0,80.0,0.0,1.0
129.0,0.0,0.0,0.006,0.01,0.0,0.001,65.0,2.6,0.0,0.0,101.0,50.0,151.0,9.0,2.0,105.0,91.0,113.0,13.0,0.0,3.0
127.0,0.003,0.003,0.007,0.0,0.0,0.0,65.0,1.2,46.0,3.0,26.0,120.0,146.0,2.0,0.0,126.0,126.0,128.0,1.0,-1.0,1.0
142.0,0.008,0.0,0.006,0.0,0.0,0.0,42.0,1.0,0.0,8.5,61.0,106.0,167.0,2.0,0.0,150.0,149.0,151.0,3.0,1.0,1.0
138.0,0.005,0.0,0.005,0.0,0.0,0.0,59.0,0.8,0.0,8.0,43.0,125.0,168.0,2.0,0.0,148.0,143.0,145.0,7.0,0.0,1.0
112.0,0.0,0.0,0.004,0.0,0.0,0.0,23.0,1.3,10.0,12.5,40.0,104.0,144.0,0.0,0.0,112.0,113.0,113.0,2.0,-1.0,1.0
133.0,0.0,0.003,0.009,0.003,0.0,0.0,63.0,2.2,0.0,0.5,36.0,103.0,139.0,1.0,0.0,133.0,124.0,130.0,8.0,1.0,1.0
143.0,0.008,0.0,0.003,0.002,0.0,0.0,60.0,2.0,0.0,3.6,79.0,101.0,180.0,9.0,0.0,146.0,144.0,151.0,18.0,0.0,1.0
152.0,0.0,0.0,0.005,0.001,0.0,0.0,58.0,0.5,48.0,7.1,53.0,110.0,163.0,4.0,3.0,159.0,154.0,157.0,4.0,1.0,1.0
125.0,0.003,0.01,0.0,0.0,0.0,0.0,51.0,0.6,0.0,4.9,16.0,125.0,141.0,1.0,0.0,133.0,132.0,134.0,0.0,0.0,1.0
138.0,0.0,0.002,0.009,0.014,0.0,0.002,60.0,2.6,0.0,0.0,106.0,55.0,161.0,8.0,2.0,117.0,99.0,117.0,80.0,0.0,3.0
133.0,0.0,0.0,0.001,0.001,0.0,0.0,44.0,0.8,13.0,17.8,65.0,82.0,147.0,2.0,0.0,140.0,136.0,139.0,8.0,1.0,1.0
138.0,0.0,0.009,0.002,0.002,0.0,0.0,60.0,0.5,9.0,8.7,47.0,103.0,150.0,3.0,0.0,144.0,140.0,144.0,4.0,1.0,2.0
152.0,0.0,0.0,0.002,0.0,0.0,0.0,61.0,0.4,74.0,6.7,41.0,123.0,164.0,4.0,0.0,160.0,158.0,160.0,1.0,1.0,3.0
135.0,0.003,0.0,0.002,0.0,0.0,0.0,64.0,0.7,0.0,9.5,41.0,119.0,160.0,2.0,0.0,147.0,141.0,143.0,7.0,0.0,1.0
143.0,0.0,0.001,0.0,0.0,0.0,0.0,64.0,0.4,19.0,6.5,17.0,137.0,154.0,2.0,0.0,144.0,144.0,145.0,0.0,0.0,2.0
151.0,0.0,0.002,0.0,0.0,0.0,0.0,81.0,0.4,29.0,6.4,30.0,130.0,160.0,2.0,0.0,152.0,151.0,153.0,1.0,1.0,3.0
132.0,0.0,0.0,0.006,0.0,0.001,0.001,32.0,1.3,0.0,13.6,91.0,60.0,151.0,1.0,1.0,99.0,116.0,125.0,72.0,1.0,3.0
137.0,0.002,0.002,0.007,0.006,0.0,0.0,58.0,1.8,0.0,5.9,106.0,60.0,166.0,6.0,0.0,139.0,133.0,141.0,22.0,1.0,1.0
120.0,0.006,0.027,0.006,0.0,0.0,0.0,35.0,1.7,0.0,9.6,127.0,62.0,189.0,7.0,0.0,125.0,136.0,132.0,49.0,0.0,1.0
148.0,0.003,0.01,0.003,0.0,0.0,0.0,61.0,0.5,26.0,7.4,26.0,139.0,165.0,2.0,0.0,153.0,152.0,154.0,2.0,0.0,2.0
131.0,0.008,0.004,0.004,0.001,0.0,0.0,55.0,2.3,0.0,0.0,56.0,109.0,165.0,3.0,0.0,130.0,138.0,141.0,25.0,0.0,1.0
150.0,0.0,0.0,0.0,0.0,0.0,0.0,53.0,0.5,62.0,4.5,14.0,151.0,165.0,0.0,0.0,161.0,159.0,161.0,1.0,0.0,2.0
149.0,0.002,0.0,0.003,0.0,0.0,0.0,51.0,1.0,8.0,18.8,99.0,71.0,170.0,4.0,0.0,151.0,153.0,154.0,7.0,1.0,1.0
133.0,0.0,0.0,0.007,0.0,0.0,0.0,60.0,0.7,58.0,9.9,128.0,72.0,200.0,8.0,1.0,133.0,132.0,134.0,2.0,0.0,2.0
148.0,0.0,0.004,0.005,0.0,0.0,0.0,78.0,0.5,4.0,10.0,32.0,140.0,172.0,1.0,0.0,150.0,150.0,151.0,1.0,-1.0,2.0
144.0,0.0,0.009,0.0,0.0,0.0,0.0,58.0,0.6,1.0,8.8,39.0,125.0,164.0,3.0,0.0,143.0,142.0,144.0,1.0,0.0,1.0
106.0,0.011,0.0,0.009,0.0,0.0,0.0,62.0,1.4,0.0,12.7,54.0,94.0,148.0,5.0,0.0,107.0,117.0,116.0,32.0,-1.0,1.0
145.0,0.0,0.02,0.0,0.0,0.0,0.0,77.0,0.2,45.0,5.8,21.0,129.0,150.0,1.0,0.0,146.0,145.0,147.0,0.0,1.0,2.0
133.0,0.0,0.001,0.009,0.005,0.0,0.0,58.0,2.6,0.0,1.2,66.0,83.0,149.0,4.0,0.0,135.0,123.0,132.0,21.0,1.0,1.0
159.0,0.0,0.0,0.004,0.0,0.0,0.0,69.0,0.3,21.0,6.4,15.0,153.0,168.0,0.0,0.0,163.0,163.0,164.0,0.0,1.0,2.0
121.0,0.003,0.002,0.003,0.005,0.0,0.0,58.0,1.5,0.0,8.9,96.0,67.0,163.0,7.0,1.0,122.0,116.0,120.0,25.0,0.0,1.0
130.0,0.0,0.002,0.0,0.002,0.0,0.0,75.0,0.3,66.0,2.1,60.0,105.0,165.0,6.0,0.0,130.0,129.0,131.0,1.0,0.0,2.0
133.0,0.006,0.477,0.005,0.003,0.0,0.0,35.0,1.3,0.0,5.4,88.0,68.0,156.0,7.0,0.0,133.0,133.0,136.0,18.0,1.0,1.0
142.0,0.0,0.0,0.004,0.0,0.0,0.0,45.0,0.7,21.0,8.9,25.0,132.0,157.0,1.0,0.0,145.0,144.0,146.0,1.0,0.0,1.0
129.0,0.003,0.016,0.0,0.0,0.0,0.0,52.0,0.7,0.0,11.5,80.0,68.0,148.0,10.0,0.0,133.0,134.0,134.0,3.0,1.0,1.0
148.0,0.0,0.0,0.003,0.0,0.0,0.0,57.0,0.5,20.0,9.6,48.0,115.0,163.0,5.0,0.0,153.0,152.0,153.0,1.0,1.0,1.0
127.0,0.0,0.005,0.0,0.0,0.0,0.0,61.0,0.6,4.0,11.5,89.0,62.0,151.0,4.0,0.0,131.0,129.0,131.0,2.0,1.0,2.0
128.0,0.0,0.005,0.0,0.0,0.0,0.0,73.0,0.3,38.0,7.1,22.0,122.0,144.0,1.0,0.0,129.0,130.0,131.0,1.0,0.0,2.0
134.0,0.003,0.0,0.0,0.0,0.0,0.005,64.0,1.7,0.0,0.0,114.0,66.0,180.0,6.0,1.0,88.0,101.0,102.0,88.0,-1.0,3.0
148.0,0.0,0.0,0.005,0.0,0.0,0.0,41.0,0.8,29.0,6.4,20.0,143.0,163.0,1.0,0.0,154.0,153.0,154.0,0.0,0.0,1.0
138.0,0.012,0.0,0.006,0.001,0.0,0.0,51.0,1.2,0.0,1.6,98.0,73.0,171.0,8.0,0.0,148.0,147.0,149.0,12.0,1.0,1.0
136.0,0.001,0.0,0.007,0.0,0.0,0.0,42.0,0.8,9.0,12.7,45.0,117.0,162.0,2.0,0.0,139.0,138.0,140.0,2.0,0.0,1.0
156.0,0.0,0.0,0.012,0.008,0.0,0.0,43.0,4.1,0.0,22.2,150.0,50.0,200.0,7.0,1.0,151.0,142.0,152.0,72.0,1.0,1.0
127.0,0.0,0.0,0.005,0.005,0.0,0.0,19.0,2.3,0.0,25.1,78.0,81.0,159.0,2.0,0.0,131.0,123.0,125.0,23.0,0.0,1.0
122.0,0.009,0.0,0.0,0.0,0.0,0.0,25.0,1.5,0.0,10.9,72.0,85.0,157.0,6.0,2.0,136.0,129.0,133.0,14.0,1.0,1.0
130.0,0.0,0.0,0.004,0.0,0.0,0.0,28.0,1.2,0.0,15.0,36.0,114.0,150.0,2.0,2.0,131.0,132.0,133.0,2.0,0.0,1.0
115.0,0.003,0.0,0.008,0.002,0.0,0.001,24.0,1.6,0.0,10.1,108.0,71.0,179.0,3.0,2.0,133.0,122.0,129.0,45.0,0.0,1.0
120.0,0.009,0.085,0.002,0.002,0.0,0.0,28.0,3.2,0.0,12.4,128.0,53.0,181.0,9.0,1.0,129.0,125.0,127.0,25.0,0.0,1.0
144.0,0.0,0.0,0.005,0.0,0.0,0.0,46.0,0.8,1.0,13.0,37.0,132.0,169.0,4.0,0.0,162.0,158.0,160.0,5.0,1.0,1.0
133.0,0.0,0.001,0.008,0.0,0.0,0.0,70.0,2.0,6.0,2.5,68.0,91.0,159.0,7.0,1.0,133.0,132.0,135.0,3.0,0.0,1.0
146.0,0.002,0.0,0.004,0.004,0.0,0.0,28.0,1.4,16.0,6.7,85.0,80.0,165.0,5.0,0.0,148.0,146.0,151.0,25.0,1.0,1.0
131.0,0.007,0.054,0.005,0.001,0.0,0.0,34.0,2.2,0.0,19.0,107.0,52.0,159.0,2.0,0.0,133.0,135.0,137.0,22.0,1.0,1.0
134.0,0.004,0.001,0.001,0.003,0.0,0.003,61.0,1.8,0.0,0.0,118.0,66.0,184.0,6.0,0.0,88.0,112.0,111.0,182.0,-1.0,3.0
133.0,0.0,0.001,0.004,0.0,0.0,0.0,76.0,0.8,29.0,5.3,17.0,130.0,147.0,1.0,0.0,136.0,135.0,137.0,0.0,0.0,1.0
116.0,0.004,0.012,0.005,0.0,0.0,0.0,40.0,1.8,1.0,11.4,142.0,52.0,194.0,13.0,1.0,125.0,122.0,125.0,9.0,0.0,1.0
123.0,0.003,0.0,0.004,0.004,0.0,0.0,30.0,1.1,1.0,5.8,53.0,95.0,148.0,3.0,0.0,125.0,124.0,126.0,6.0,0.0,1.0
123.0,0.003,0.003,0.0,0.0,0.0,0.0,52.0,0.8,2.0,15.4,90.0,50.0,140.0,7.0,0.0,129.0,128.0,130.0,4.0,1.0,1.0
138.0,0.0,0.0,0.006,0.002,0.0,0.002,58.0,1.1,15.0,6.9,132.0,60.0,192.0,8.0,2.0,141.0,132.0,141.0,47.0,0.0,2.0
133.0,0.001,0.0,0.01,0.004,0.0,0.002,61.0,2.7,0.0,0.0,132.0,52.0,184.0,5.0,0.0,125.0,96.0,110.0,103.0,0.0,3.0
138.0,0.005,0.0,0.003,0.004,0.0,0.0,33.0,3.1,0.0,7.9,59.0,110.0,169.0,3.0,0.0,136.0,145.0,146.0,22.0,0.0,1.0
136.0,0.008,0.007,0.0,0.0,0.0,0.0,40.0,2.3,0.0,19.4,139.0,51.0,190.0,5.0,5.0,144.0,142.0,145.0,17.0,1.0,1.0
112.0,0.0,0.0,0.006,0.0,0.0,0.0,25.0,1.3,0.0,9.3,34.0,104.0,138.0,4.0,1.0,119.0,116.0,118.0,2.0,0.0,1.0
136.0,0.001,0.0,0.005,0.0,0.0,0.0,47.0,0.6,38.0,5.3,18.0,136.0,154.0,1.0,0.0,141.0,141.0,142.0,0.0,-1.0,1.0
128.0,0.008,0.008,0.004,0.005,0.0,0.0,33.0,1.5,0.0,3.9,141.0,57.0,198.0,8.0,0.0,137.0,132.0,136.0,21.0,0.0,1.0
126.0,0.009,0.0,0.005,0.0,0.0,0.0,24.0,1.5,0.0,9.4,33.0,122.0,155.0,1.0,1.0,136.0,137.0,138.0,3.0,0.0,1.0
133.0,0.0,0.0,0.007,0.0,0.0,0.0,64.0,0.4,81.0,3.7,12.0,126.0,138.0,1.0,0.0,133.0,132.0,134.0,0.0,0.0,3.0
128.0,0.0,0.0,0.008,0.007,0.0,0.0,38.0,2.6,0.0,14.8,128.0,51.0,179.0,5.0,1.0,133.0,124.0,129.0,25.0,0.0,1.0
144.0,0.0,0.003,0.0,0.0,0.0,0.0,61.0,0.4,8.0,6.7,16.0,140.0,156.0,0.0,0.0,148.0,147.0,149.0,0.0,0.0,2.0
129.0,0.0,0.001,0.006,0.008,0.0,0.002,65.0,2.8,0.0,0.0,101.0,50.0,151.0,7.0,2.0,105.0,86.0,112.0,13.0,0.0,3.0
130.0,0.0,0.0,0.005,0.0,0.0,0.0,49.0,0.6,25.0,5.4,14.0,129.0,143.0,1.0,0.0,137.0,136.0,138.0,0.0,0.0,1.0
148.0,0.0,0.0,0.005,0.0,0.0,0.0,49.0,0.6,1.0,9.6,21.0,143.0,164.0,0.0,0.0,155.0,154.0,156.0,0.0,0.0,1.0
128.0,0.008,0.006,0.004,0.0,0.0,0.0,43.0,1.9,0.0,18.7,124.0,60.0,184.0,10.0,0.0,133.0,137.0,138.0,16.0,0.0,1.0
140.0,0.002,0.001,0.007,0.004,0.0,0.0,64.0,1.2,0.0,5.9,68.0,93.0,161.0,2.0,0.0,143.0,135.0,142.0,19.0,1.0,1.0
144.0,0.0,0.0,0.0,0.0,0.0,0.0,62.0,0.5,5.0,6.1,11.0,148.0,159.0,1.0,0.0,153.0,154.0,155.0,0.0,0.0,2.0
128.0,0.006,0.01,0.005,0.005,0.0,0.001,22.0,2.2,0.0,6.6,109.0,65.0,174.0,6.0,0.0,143.0,127.0,135.0,71.0,0.0,1.0
143.0,0.0,0.0,0.006,0.0,0.0,0.0,63.0,0.5,35.0,6.5,33.0,128.0,161.0,4.0,0.0,147.0,146.0,148.0,0.0,0.0,2.0
144.0,0.0,0.006,0.0,0.0,0.0,0.0,77.0,0.2,62.0,3.8,12.0,138.0,150.0,2.0,0.0,144.0,144.0,146.0,0.0,0.0,2.0
131.0,0.0,0.323,0.002,0.002,0.0,0.002,61.0,1.9,0.0,12.3,128.0,56.0,184.0,11.0,0.0,134.0,120.0,131.0,57.0,0.0,3.0
138.0,0.002,0.0,0.004,0.0,0.0,0.0,41.0,0.8,8.0,10.3,51.0,105.0,156.0,4.0,0.0,142.0,142.0,143.0,2.0,1.0,1.0
115.0,0.006,0.0,0.008,0.0,0.0,0.0,19.0,1.7,0.0,7.9,55.0,89.0,144.0,2.0,1.0,126.0,121.0,123.0,9.0,0.0,1.0
132.0,0.002,0.0,0.009,0.001,0.0,0.001,34.0,1.2,0.0,12.4,106.0,61.0,167.0,3.0,1.0,99.0,124.0,131.0,116.0,1.0,2.0
133.0,0.002,0.0,0.006,0.0,0.0,0.0,40.0,0.9,21.0,11.2,50.0,106.0,156.0,3.0,0.0,142.0,140.0,142.0,3.0,1.0,1.0
129.0,0.009,0.035,0.003,0.0,0.0,0.0,41.0,1.1,0.0,2.9,135.0,65.0,200.0,4.0,1.0,133.0,147.0,142.0,60.0,0.0,1.0
151.0,0.01,0.009,0.003,0.0,0.0,0.0,50.0,0.7,0.0,0.9,37.0,141.0,178.0,2.0,0.0,161.0,162.0,163.0,4.0,0.0,1.0
132.0,0.001,0.0,0.005,0.004,0.0,0.0,29.0,1.5,1.0,16.0,92.0,61.0,153.0,4.0,1.0,133.0,129.0,134.0,23.0,1.0,1.0
121.0,0.005,0.003,0.005,0.004,0.0,0.0,55.0,1.8,0.0,10.6,99.0,70.0,169.0,9.0,1.0,124.0,122.0,126.0,33.0,0.0,1.0
125.0,0.004,0.0,0.004,0.0,0.0,0.0,32.0,1.0,0.0,6.3,50.0,114.0,164.0,2.0,0.0,127.0,131.0,130.0,9.0,-1.0,1.0
132.0,0.001,0.0,0.007,0.004,0.0,0.0,28.0,1.6,4.0,13.5,92.0,68.0,160.0,6.0,3.0,136.0,132.0,136.0,13.0,1.0,1.0
135.0,0.002,0.0,0.001,0.0,0.0,0.0,59.0,0.6,4.0,9.3,118.0,70.0,188.0,3.0,0.0,140.0,140.0,141.0,3.0,0.0,1.0
129.0,0.0,0.003,0.0,0.0,0.0,0.0,47.0,1.1,6.0,21.9,91.0,52.0,143.0,3.0,0.0,131.0,130.0,132.0,7.0,1.0,1.0
132.0,0.002,0.0,0.003,0.003,0.0,0.0,28.0,1.4,0.0,8.4,94.0,68.0,162.0,11.0,1.0,143.0,137.0,142.0,26.0,1.0,1.0
110.0,0.003,0.0,0.006,0.001,0.0,0.0,61.0,0.9,0.0,10.8,64.0,92.0,156.0,3.0,0.0,112.0,112.0,111.0,16.0,-1.0,1.0
133.0,0.007,0.481,0.005,0.002,0.0,0.0,32.0,1.6,0.0,8.4,90.0,68.0,158.0,4.0,0.0,133.0,133.0,135.0,18.0,1.0,1.0
138.0,0.013,0.0,0.003,0.001,0.0,0.0,50.0,1.1,0.0,2.9,87.0,84.0,171.0,4.0,1.0,147.0,147.0,148.0,10.0,1.0,1.0
131.0,0.002,0.383,0.003,0.005,0.0,0.002,18.0,2.4,0.0,13.9,107.0,67.0,174.0,5.0,0.0,134.0,125.0,132.0,45.0,0.0,2.0
106.0,0.0,0.0,0.01,0.0,0.0,0.0,63.0,0.6,0.0,14.1,28.0,95.0,123.0,1.0,0.0,110.0,109.0,111.0,2.0,0.0,1.0
134.0,0.008,0.001,0.009,0.004,0.0,0.0,60.0,1.2,0.0,4.9,109.0,80.0,189.0,4.0,1.0,156.0,147.0,151.0,40.0,0.0,1.0
132.0,0.0,0.0,0.011,0.001,0.0,0.0,32.0,1.3,0.0,14.2,90.0,60.0,150.0,2.0,3.0,99.0,117.0,125.0,61.0,1.0,3.0
134.0,0.001,0.0,0.013,0.008,0.0,0.003,29.0,6.3,0.0,0.0,150.0,50.0,200.0,6.0,3.0,71.0,107.0,106.0,215.0,0.0,3.0
130.0,0.009,0.001,0.004,0.001,0.0,0.0,52.0,1.3,0.0,2.4,99.0,73.0,172.0,6.0,0.0,144.0,141.0,144.0,16.0,1.0,1.0
134.0,0.003,0.001,0.007,0.005,0.0,0.001,59.0,1.4,0.0,2.7,72.0,83.0,155.0,7.0,1.0,137.0,127.0,136.0,35.0,1.0,1.0
128.0,0.007,0.0,0.007,0.004,0.0,0.0,36.0,3.8,0.0,18.5,145.0,53.0,198.0,7.0,2.0,133.0,139.0,135.0,79.0,0.0,1.0
138.0,0.0,0.001,0.005,0.001,0.0,0.002,57.0,1.4,10.0,8.9,132.0,60.0,192.0,9.0,1.0,142.0,127.0,138.0,75.0,0.0,2.0
129.0,0.005,0.003,0.001,0.0,0.0,0.0,34.0,1.7,0.0,12.9,118.0,78.0,196.0,10.0,0.0,137.0,136.0,137.0,6.0,0.0,1.0
142.0,0.0,0.006,0.0,0.0,0.0,0.0,61.0,0.7,52.0,12.2,79.0,71.0,150.0,12.0,0.0,143.0,142.0,144.0,3.0,1.0,2.0
121.0,0.0,0.0,0.007,0.007,0.0,0.0,28.0,1.3,0.0,5.6,67.0,70.0,137.0,3.0,1.0,114.0,113.0,117.0,20.0,1.0,1.0
134.0,0.0,0.0,0.009,0.006,0.0,0.002,64.0,1.5,0.0,3.8,70.0,83.0,153.0,5.0,0.0,137.0,119.0,124.0,50.0,1.0,3.0
148.0,0.0,0.0,0.0,0.0,0.0,0.0,65.0,0.4,21.0,6.5,17.0,145.0,162.0,0.0,0.0,156.0,155.0,157.0,0.0,0.0,2.0
131.0,0.005,0.072,0.008,0.003,0.0,0.0,28.0,1.4,0.0,12.9,66.0,88.0,154.0,5.0,0.0,135.0,134.0,137.0,7.0,1.0,1.0
122.0,0.005,0.0,0.006,0.0,0.0,0.0,32.0,1.1,12.0,8.4,65.0,83.0,148.0,2.0,1.0,125.0,125.0,126.0,4.0,0.0,1.0
136.0,0.002,0.0,0.006,0.0,0.0,0.0,45.0,0.6,48.0,4.3,19.0,135.0,154.0,2.0,0.0,141.0,141.0,142.0,0.0,-1.0,1.0
133.0,0.0,0.009,0.005,0.0,0.0,0.0,72.0,2.1,11.0,2.5,60.0,91.0,151.0,10.0,0.0,136.0,132.0,136.0,1.0,1.0,1.0
123.0,0.0,0.0,0.0,0.0,0.0,0.0,73.0,0.3,91.0,2.9,9.0,120.0,129.0,2.0,0.0,123.0,124.0,125.0,0.0,0.0,3.0
143.0,0.0,0.0,0.004,0.0,0.0,0.0,66.0,0.4,4.0,9.9,22.0,132.0,154.0,0.0,0.0,144.0,143.0,145.0,1.0,0.0,1.0
135.0,0.007,0.002,0.006,0.0,0.0,0.0,62.0,0.9,1.0,8.2,41.0,119.0,160.0,1.0,0.0,148.0,142.0,146.0,8.0,0.0,1.0
122.0,0.0,0.0,0.0,0.0,0.0,0.0,19.0,1.9,0.0,15.1,39.0,103.0,142.0,1.0,0.0,120.0,120.0,122.0,3.0,0.0,1.0
110.0,0.003,0.001,0.005,0.001,0.0,0.0,64.0,0.9,0.0,10.6,65.0,92.0,157.0,6.0,0.0,110.0,114.0,113.0,21.0,-1.0,1.0
131.0,0.001,0.0,0.005,0.003,0.0,0.0,27.0,1.4,0.0,12.2,84.0,71.0,155.0,2.0,0.0,136.0,132.0,137.0,15.0,1.0,1.0
137.0,0.006,0.005,0.005,0.001,0.0,0.0,59.0,1.4,0.0,7.0,48.0,122.0,170.0,2.0,0.0,146.0,141.0,143.0,8.0,0.0,1.0
134.0,0.002,0.002,0.0,0.002,0.0,0.004,63.0,1.5,0.0,0.0,100.0,71.0,171.0,4.0,1.0,89.0,105.0,105.0,72.0,-1.0,3.0
110.0,0.003,0.002,0.006,0.007,0.0,0.002,68.0,3.1,0.0,0.0,133.0,60.0,193.0,8.0,0.0,91.0,83.0,95.0,42.0,-1.0,3.0
133.0,0.005,0.157,0.008,0.003,0.0,0.0,26.0,1.6,0.0,14.2,70.0,88.0,158.0,2.0,0.0,140.0,135.0,139.0,12.0,1.0,1.0
125.0,0.003,0.0,0.004,0.0,0.0,0.0,37.0,0.8,5.0,6.7,30.0,115.0,145.0,2.0,0.0,131.0,130.0,132.0,1.0,0.0,1.0
130.0,0.002,0.0,0.005,0.0,0.0,0.0,21.0,1.4,11.0,7.3,33.0,119.0,152.0,1.0,0.0,133.0,131.0,133.0,2.0,0.0,1.0
145.0,0.004,0.0,0.004,0.0,0.0,0.0,45.0,0.7,1.0,7.4,38.0,133.0,171.0,2.0,0.0,160.0,158.0,159.0,2.0,0.0,1.0
137.0,0.0,0.019,0.0,0.0,0.0,0.0,64.0,0.4,12.0,8.6,22.0,131.0,153.0,1.0,0.0,145.0,143.0,145.0,1.0,0.0,2.0
138.0,0.003,0.003,0.005,0.009,0.0,0.0,50.0,2.4,0.0,6.0,102.0,70.0,172.0,6.0,0.0,138.0,132.0,138.0,30.0,1.0,1.0
140.0,0.004,0.001,0.008,0.005,0.0,0.0,63.0,1.2,0.0,6.2,70.0,95.0,165.0,6.0,0.0,147.0,137.0,143.0,25.0,1.0,1.0
128.0,0.0,0.005,0.0,0.0,0.0,0.0,74.0,0.2,45.0,6.9,22.0,122.0,144.0,1.0,0.0,133.0,130.0,132.0,1.0,0.0,2.0
128.0,0.004,0.01,0.005,0.005,0.0,0.001,25.0,2.0,0.0,7.3,91.0,65.0,156.0,8.0,0.0,133.0,125.0,131.0,41.0,1.0,1.0
121.0,0.006,0.0,0.008,0.004,0.0,0.0,24.0,1.7,0.0,4.1,72.0,74.0,146.0,4.0,0.0,129.0,121.0,126.0,25.0,1.0,1.0
120.0,0.005,0.02,0.005,0.0,0.0,0.0,50.0,0.7,7.0,6.1,94.0,60.0,154.0,2.0,0.0,123.0,126.0,125.0,10.0,1.0,1.0
143.0,0.0,0.0,0.002,0.0,0.0,0.0,65.0,0.6,7.0,12.9,29.0,129.0,158.0,4.0,1.0,150.0,145.0,146.0,5.0,0.0,2.0
136.0,0.0,0.0,0.006,0.0,0.0,0.0,53.0,0.5,37.0,5.9,17.0,134.0,151.0,2.0,0.0,144.0,142.0,144.0,0.0,0.0,1.0
125.0,0.001,0.0,0.005,0.0,0.0,0.0,31.0,1.1,1.0,12.5,38.0,109.0,147.0,4.0,0.0,125.0,125.0,127.0,3.0,0.0,1.0
130.0,0.0,0.0,0.0,0.0,0.0,0.0,53.0,0.6,51.0,5.0,19.0,114.0,133.0,2.0,0.0,120.0,122.0,122.0,3.0,-1.0,1.0
144.0,0.002,0.01,0.002,0.0,0.0,0.0,76.0,0.6,0.0,11.8,54.0,126.0,180.0,2.0,0.0,156.0,153.0,155.0,5.0,0.0,2.0
128.0,0.003,0.017,0.003,0.003,0.0,0.003,30.0,2.0,0.0,6.0,111.0,54.0,165.0,14.0,0.0,129.0,112.0,129.0,103.0,1.0,2.0
125.0,0.0,0.005,0.001,0.0,0.0,0.0,66.0,0.3,46.0,5.8,21.0,112.0,133.0,0.0,0.0,125.0,124.0,126.0,0.0,0.0,2.0
146.0,0.0,0.0,0.003,0.0,0.0,0.0,65.0,0.4,39.0,7.0,19.0,137.0,156.0,1.0,0.0,150.0,149.0,151.0,1.0,1.0,2.0
150.0,0.0,0.016,0.0,0.0,0.0,0.0,73.0,0.3,44.0,7.3,26.0,128.0,154.0,3.0,0.0,150.0,149.0,151.0,0.0,1.0,2.0
130.0,0.008,0.013,0.004,0.0,0.0,0.0,36.0,1.9,0.0,20.5,118.0,54.0,172.0,6.0,0.0,154.0,148.0,154.0,26.0,1.0,1.0
123.0,0.004,0.005,0.0,0.0,0.0,0.0,55.0,0.7,0.0,8.6,71.0,81.0,152.0,4.0,0.0,129.0,129.0,130.0,3.0,1.0,1.0
122.0,0.0,0.0,0.005,0.003,0.0,0.0,27.0,1.2,0.0,10.3,40.0,92.0,132.0,3.0,2.0,120.0,120.0,123.0,4.0,1.0,1.0
144.0,0.0,0.011,0.0,0.0,0.0,0.0,79.0,0.3,77.0,7.9,80.0,71.0,151.0,2.0,0.0,145.0,144.0,146.0,1.0,1.0,3.0
123.0,0.0,0.0,0.0,0.0,0.0,0.0,49.0,0.8,7.0,13.8,74.0,63.0,137.0,2.0,0.0,129.0,127.0,129.0,2.0,1.0,1.0
134.0,0.001,0.0,0.003,0.004,0.0,0.0,29.0,1.6,0.0,5.2,102.0,67.0,169.0,10.0,1.0,147.0,136.0,143.0,45.0,1.0,1.0
134.0,0.003,0.0,0.007,0.005,0.0,0.0,25.0,1.9,11.0,9.8,96.0,82.0,178.0,5.0,0.0,147.0,135.0,138.0,43.0,0.0,1.0
133.0,0.0,0.003,0.009,0.003,0.0,0.0,63.0,2.4,0.0,0.1,39.0,103.0,142.0,2.0,0.0,133.0,125.0,131.0,8.0,1.0,1.0
122.0,0.0,0.0,0.0,0.0,0.0,0.0,29.0,1.3,0.0,10.2,27.0,110.0,137.0,0.0,1.0,127.0,126.0,127.0,1.0,0.0,1.0
127.0,0.009,0.0,0.007,0.002,0.0,0.001,22.0,1.7,0.0,0.0,129.0,52.0,181.0,8.0,0.0,140.0,136.0,142.0,63.0,1.0,1.0
133.0,0.004,0.0,0.005,0.0,0.0,0.0,41.0,1.1,9.0,13.0,82.0,86.0,168.0,4.0,1.0,139.0,143.0,144.0,9.0,1.0,1.0
157.0,0.009,0.004,0.001,0.0,0.0,0.0,48.0,0.7,0.0,5.3,39.0,153.0,192.0,1.0,0.0,163.0,167.0,166.0,6.0,-1.0,1.0
138.0,0.001,0.0,0.003,0.0,0.0,0.0,39.0,0.8,12.0,10.5,49.0,105.0,154.0,5.0,0.0,141.0,141.0,142.0,1.0,1.0,1.0
120.0,0.0,0.0,0.007,0.0,0.0,0.0,49.0,0.8,2.0,10.5,32.0,104.0,136.0,4.0,0.0,116.0,120.0,121.0,4.0,0.0,1.0
116.0,0.0,0.0,0.004,0.001,0.0,0.0,43.0,0.8,25.0,5.6,72.0,56.0,128.0,6.0,0.0,120.0,118.0,121.0,3.0,1.0,1.0
125.0,0.004,0.0,0.006,0.0,0.0,0.0,36.0,0.9,4.0,6.5,45.0,115.0,160.0,2.0,0.0,131.0,131.0,131.0,3.0,0.0,1.0
135.0,0.0,0.0,0.007,0.001,0.0,0.0,58.0,0.5,32.0,6.1,31.0,117.0,148.0,4.0,0.0,140.0,139.0,141.0,1.0,1.0,1.0
126.0,0.0,0.0,0.004,0.0,0.0,0.0,32.0,0.9,4.0,11.2,31.0,110.0,141.0,1.0,0.0,126.0,125.0,127.0,2.0,0.0,1.0
117.0,0.001,0.013,0.0,0.0,0.0,0.0,53.0,0.7,8.0,12.0,77.0,56.0,133.0,6.0,0.0,123.0,121.0,123.0,3.0,1.0,1.0
130.0,0.0,0.009,0.002,0.0,0.0,0.0,51.0,0.6,37.0,9.1,30.0,114.0,144.0,3.0,0.0,120.0,125.0,126.0,8.0,-1.0,1.0
158.0,0.01,0.031,0.003,0.0,0.0,0.0,40.0,0.9,0.0,0.0,40.0,158.0,198.0,1.0,0.0,186.0,182.0,186.0,9.0,1.0,1.0
159.0,0.0,0.0,0.009,0.0,0.0,0.0,66.0,0.4,16.0,7.2,23.0,147.0,170.0,0.0,0.0,165.0,164.0,166.0,0.0,1.0,2.0
122.0,0.002,0.0,0.005,0.002,0.0,0.0,23.0,1.7,3.0,9.3,73.0,84.0,157.0,3.0,0.0,126.0,121.0,122.0,14.0,0.0,1.0
123.0,0.0,0.0,0.0,0.0,0.0,0.0,71.0,0.3,77.0,4.1,19.0,110.0,129.0,1.0,0.0,123.0,123.0,124.0,0.0,1.0,3.0
120.0,0.008,0.018,0.008,0.0,0.0,0.0,35.0,1.6,0.0,2.1,96.0,78.0,174.0,7.0,0.0,161.0,141.0,138.0,75.0,0.0,1.0
146.0,0.006,0.0,0.008,0.0,0.0,0.0,27.0,1.3,0.0,9.4,62.0,126.0,188.0,4.0,0.0,157.0,156.0,157.0,5.0,0.0,1.0
131.0,0.013,0.0,0.005,0.0,0.0,0.0,28.0,1.3,0.0,4.0,89.0,82.0,171.0,7.0,0.0,143.0,146.0,146.0,8.0,1.0,1.0
140.0,0.0,0.001,0.003,0.007,0.0,0.0,61.0,1.4,0.0,10.0,105.0,63.0,168.0,8.0,0.0,142.0,125.0,143.0,23.0,1.0,1.0
125.0,0.008,0.007,0.007,0.005,0.0,0.0,23.0,2.1,0.0,5.5,125.0,53.0,178.0,8.0,0.0,143.0,128.0,137.0,65.0,1.0,1.0
140.0,0.008,0.004,0.004,0.0,0.0,0.0,52.0,1.9,0.0,17.7,108.0,68.0,176.0,2.0,0.0,144.0,147.0,147.0,18.0,1.0,1.0
131.0,0.0,0.0,0.006,0.004,0.0,0.0,19.0,1.9,0.0,12.3,81.0,70.0,151.0,3.0,1.0,127.0,126.0,130.0,21.0,1.0,1.0
122.0,0.0,0.0,0.005,0.005,0.0,0.0,26.0,1.3,0.0,9.8,47.0,85.0,132.0,3.0,2.0,126.0,119.0,123.0,10.0,1.0,1.0
145.0,0.004,0.0,0.006,0.0,0.0,0.0,55.0,0.6,8.0,6.6,73.0,93.0,166.0,5.0,0.0,149.0,150.0,151.0,1.0,1.0,1.0
121.0,0.004,0.003,0.006,0.009,0.0,0.0,58.0,1.8,0.0,2.4,107.0,62.0,169.0,8.0,0.0,114.0,113.0,120.0,55.0,0.0,1.0
139.0,0.0,0.007,0.0,0.0,0.0,0.0,78.0,0.2,59.0,4.2,11.0,133.0,144.0,1.0,0.0,140.0,139.0,141.0,0.0,0.0,2.0
114.0,0.0,0.0,0.008,0.0,0.0,0.0,65.0,0.4,0.0,11.5,22.0,104.0,126.0,1.0,0.0,115.0,115.0,116.0,0.0,0.0,1.0
138.0,0.003,0.0,0.008,0.006,0.0,0.0,28.0,1.3,9.0,3.5,90.0,85.0,175.0,6.0,0.0,144.0,134.0,138.0,31.0,0.0,1.0
136.0,0.007,0.0,0.007,0.002,0.0,0.0,31.0,1.4,0.0,8.0,79.0,88.0,167.0,2.0,0.0,144.0,140.0,144.0,14.0,1.0,1.0
144.0,0.0,0.002,0.002,0.0,0.0,0.0,84.0,0.3,31.0,5.7,38.0,132.0,170.0,2.0,0.0,144.0,143.0,145.0,0.0,-1.0,3.0
123.0,0.0,0.0,0.005,0.005,0.0,0.0,50.0,0.8,32.0,3.1,94.0,75.0,169.0,7.0,0.0,125.0,122.0,126.0,8.0,0.0,1.0
146.0,0.0,0.0,0.007,0.002,0.0,0.0,30.0,1.3,4.0,17.6,75.0,93.0,168.0,5.0,0.0,147.0,145.0,148.0,6.0,1.0,1.0
138.0,0.0,0.0,0.004,0.0,0.0,0.0,46.0,0.7,53.0,7.8,39.0,113.0,152.0,4.0,0.0,141.0,138.0,141.0,2.0,1.0,1.0
151.0,0.0,0.0,0.006,0.004,0.0,0.0,57.0,2.6,16.0,28.4,149.0,51.0,200.0,12.0,8.0,156.0,150.0,157.0,56.0,1.0,2.0
120.0,0.006,0.001,0.001,0.0,0.0,0.0,51.0,1.3,3.0,11.1,113.0,59.0,172.0,16.0,1.0,117.0,127.0,129.0,23.0,0.0,1.0
132.0,0.008,0.0,0.012,0.005,0.0,0.0,25.0,1.5,0.0,0.0,115.0,76.0,191.0,3.0,1.0,160.0,138.0,149.0,119.0,1.0,1.0
132.0,0.009,0.0,0.003,0.006,0.0,0.0,19.0,2.3,0.0,4.0,100.0,76.0,176.0,6.0,1.0,145.0,138.0,143.0,36.0,1.0,1.0
125.0,0.005,0.002,0.006,0.009,0.0,0.0,60.0,1.3,0.0,7.5,96.0,68.0,164.0,6.0,1.0,110.0,120.0,120.0,34.0,0.0,1.0
145.0,0.0,0.021,0.0,0.0,0.0,0.0,74.0,0.3,30.0,8.5,54.0,131.0,185.0,2.0,0.0,145.0,144.0,146.0,1.0,-1.0,2.0
123.0,0.0,0.0,0.001,0.0,0.0,0.0,74.0,0.3,64.0,5.9,52.0,84.0,136.0,3.0,0.0,123.0,124.0,126.0,1.0,1.0,2.0
132.0,0.003,0.005,0.006,0.0,0.0,0.0,58.0,0.5,23.0,7.8,36.0,120.0,156.0,2.0,0.0,133.0,135.0,134.0,3.0,0.0,1.0
140.0,0.0,0.0,0.006,0.0,0.0,0.0,42.0,1.4,16.0,11.1,48.0,124.0,172.0,1.0,0.0,151.0,150.0,151.0,4.0,0.0,2.0
149.0,0.0,0.0,0.0,0.002,0.0,0.0,57.0,1.2,54.0,12.8,126.0,58.0,184.0,12.0,1.0,150.0,148.0,151.0,8.0,1.0,2.0
134.0,0.004,0.001,0.006,0.006,0.0,0.0,57.0,1.5,0.0,1.8,78.0,83.0,161.0,5.0,0.0,137.0,132.0,138.0,21.0,1.0,1.0
120.0,0.003,0.002,0.002,0.0,0.0,0.0,62.0,0.4,13.0,7.9,35.0,106.0,141.0,2.0,0.0,120.0,122.0,122.0,3.0,0.0,1.0
126.0,0.0,0.0,0.005,0.0,0.0,0.0,56.0,0.5,29.0,7.5,26.0,116.0,142.0,2.0,0.0,129.0,128.0,130.0,1.0,0.0,1.0
122.0,0.002,0.0,0.003,0.0,0.0,0.0,27.0,1.3,0.0,8.1,39.0,104.0,143.0,3.0,0.0,126.0,124.0,126.0,2.0,0.0,1.0
140.0,0.001,0.0,0.007,0.0,0.0,0.0,79.0,0.4,20.0,6.1,67.0,103.0,170.0,5.0,0.0,153.0,148.0,152.0,4.0,1.0,2.0
129.0,0.006,0.006,0.0,0.0,0.0,0.0,39.0,1.1,0.0,11.7,105.0,55.0,160.0,3.0,2.0,127.0,136.0,137.0,21.0,1.0,1.0
121.0,0.003,0.0,0.007,0.006,0.0,0.0,25.0,1.6,0.0,3.8,73.0,71.0,144.0,2.0,0.0,120.0,114.0,119.0,29.0,1.0,1.0
127.0,0.006,0.003,0.0,0.0,0.0,0.0,47.0,1.1,0.0,12.6,83.0,64.0,147.0,2.0,0.0,129.0,131.0,132.0,7.0,1.0,1.0
122.0,0.003,0.0,0.008,0.008,0.0,0.0,18.0,3.0,0.0,16.2,98.0,60.0,158.0,7.0,0.0,127.0,120.0,124.0,28.0,0.0,1.0
137.0,0.009,0.001,0.005,0.003,0.0,0.0,58.0,1.5,0.0,5.4,109.0,69.0,178.0,2.0,0.0,146.0,143.0,150.0,52.0,1.0,1.0
138.0,0.0,0.004,0.0,0.0,0.0,0.0,38.0,1.2,0.0,16.5,84.0,71.0,155.0,4.0,0.0,144.0,140.0,142.0,5.0,1.0,1.0
150.0,0.0,0.001,0.0,0.001,0.0,0.0,61.0,0.5,40.0,6.2,31.0,130.0,161.0,2.0,0.0,154.0,152.0,154.0,1.0,1.0,2.0
119.0,0.002,0.0,0.004,0.0,0.0,0.0,31.0,1.3,3.0,11.3,89.0,77.0,166.0,6.0,0.0,121.0,122.0,123.0,2.0,0.0,1.0
122.0,0.004,0.0,0.001,0.006,0.0,0.0,13.0,3.0,0.0,21.1,129.0,51.0,180.0,6.0,1.0,122.0,122.0,123.0,54.0,0.0,1.0
123.0,0.0,0.0,0.001,0.0,0.0,0.0,67.0,0.6,27.0,12.6,110.0,50.0,160.0,7.0,0.0,125.0,123.0,125.0,2.0,1.0,2.0
110.0,0.003,0.0,0.007,0.004,0.0,0.0,63.0,2.4,0.0,1.8,176.0,62.0,238.0,10.0,1.0,98.0,101.0,105.0,59.0,-1.0,1.0
128.0,0.0,0.019,0.003,0.003,0.0,0.003,29.0,2.2,0.0,7.2,145.0,54.0,199.0,14.0,0.0,129.0,107.0,124.0,126.0,0.0,3.0
133.0,0.0,0.001,0.003,0.0,0.0,0.0,77.0,0.8,16.0,5.8,17.0,130.0,147.0,1.0,0.0,135.0,135.0,137.0,1.0,0.0,1.0
130.0,0.0,0.0,0.005,0.0,0.0,0.0,53.0,0.5,45.0,5.9,20.0,123.0,143.0,2.0,0.0,137.0,136.0,138.0,0.0,1.0,1.0
142.0,0.003,0.0,0.007,0.003,0.0,0.0,30.0,1.4,0.0,17.2,83.0,76.0,159.0,4.0,1.0,144.0,142.0,145.0,10.0,1.0,1.0
146.0,0.0,0.014,0.0,0.0,0.0,0.0,72.0,0.3,41.0,6.9,35.0,120.0,155.0,4.0,0.0,147.0,146.0,148.0,0.0,1.0,2.0
133.0,0.004,0.0,0.006,0.002,0.0,0.0,35.0,1.1,8.0,7.4,48.0,109.0,157.0,2.0,1.0,142.0,138.0,141.0,4.0,0.0,1.0
120.0,0.0,0.0,0.012,0.0,0.0,0.0,51.0,0.7,4.0,11.4,26.0,103.0,129.0,1.0,0.0,122.0,119.0,121.0,2.0,1.0,1.0
139.0,0.0,0.007,0.0,0.0,0.0,0.0,77.0,0.2,55.0,4.3,11.0,133.0,144.0,1.0,0.0,140.0,139.0,141.0,0.0,0.0,2.0
151.0,0.0,0.0,0.0,0.0,0.0,0.0,48.0,0.6,68.0,4.0,8.0,154.0,162.0,0.0,0.0,159.0,158.0,160.0,0.0,0.0,2.0
138.0,0.0,0.0,0.004,0.0,0.0,0.0,45.0,1.0,20.0,12.3,99.0,81.0,180.0,8.0,2.0,162.0,156.0,159.0,8.0,1.0,2.0
133.0,0.0,0.004,0.006,0.004,0.0,0.0,62.0,2.1,0.0,1.6,98.0,64.0,162.0,2.0,0.0,133.0,122.0,129.0,25.0,0.0,1.0
118.0,0.001,0.0,0.003,0.001,0.0,0.0,26.0,1.4,0.0,11.0,56.0,94.0,150.0,3.0,0.0,120.0,118.0,119.0,6.0,0.0,1.0
131.0,0.008,0.002,0.004,0.002,0.0,0.0,55.0,1.9,0.0,2.4,85.0,84.0,169.0,6.0,0.0,150.0,139.0,144.0,25.0,1.0,1.0
132.0,0.0,0.0,0.006,0.008,0.0,0.0,38.0,2.6,0.0,10.6,128.0,51.0,179.0,7.0,1.0,133.0,125.0,130.0,25.0,0.0,1.0
131.0,0.001,0.369,0.003,0.003,0.0,0.002,29.0,2.0,0.0,8.1,111.0,54.0,165.0,14.0,0.0,129.0,112.0,128.0,103.0,1.0,3.0
115.0,0.009,0.055,0.005,0.0,0.0,0.0,27.0,2.3,0.0,12.4,129.0,53.0,182.0,7.0,0.0,119.0,120.0,120.0,14.0,0.0,1.0
136.0,0.0,0.0,0.009,0.0,0.0,0.0,78.0,0.4,27.0,4.6,43.0,112.0,155.0,4.0,0.0,138.0,137.0,139.0,0.0,0.0,1.0
138.0,0.0,0.0,0.002,0.0,0.0,0.0,44.0,0.7,58.0,5.0,16.0,129.0,145.0,1.0,0.0,141.0,140.0,142.0,0.0,1.0,1.0
140.0,0.002,0.001,0.008,0.004,0.0,0.0,63.0,1.4,0.0,6.6,70.0,93.0,163.0,7.0,0.0,142.0,134.0,141.0,22.0,1.0,1.0
115.0,0.004,0.0,0.007,0.001,0.0,0.0,20.0,1.7,0.0,9.9,78.0,79.0,157.0,4.0,2.0,120.0,121.0,123.0,7.0,0.0,1.0
132.0,0.0,0.0,0.004,0.0,0.0,0.0,23.0,1.5,0.0,13.1,42.0,106.0,148.0,5.0,0.0,138.0,136.0,138.0,3.0,1.0,1.0
123.0,0.007,0.0,0.006,0.0,0.0,0.0,33.0,0.9,6.0,3.4,33.0,116.0,149.0,2.0,0.0,126.0,128.0,128.0,3.0,0.0,1.0
129.0,0.0,0.001,0.006,0.006,0.0,0.003,66.0,2.9,0.0,0.0,94.0,50.0,144.0,8.0,0.0,105.0,85.0,109.0,11.0,0.0,3.0
130.0,0.004,0.0,0.009,0.009,0.0,0.0,25.0,1.7,0.0,0.0,94.0,76.0,170.0,6.0,0.0,133.0,119.0,121.0,73.0,0.0,1.0
120.0,0.002,0.0,0.001,0.009,0.0,0.0,57.0,1.3,0.0,7.5,78.0,79.0,157.0,4.0,0.0,113.0,115.0,119.0,25.0,0.0,1.0
133.0,0.0,0.0,0.0,0.0,0.0,0.0,73.0,0.3,78.0,3.6,8.0,131.0,139.0,1.0,0.0,134.0,134.0,135.0,0.0,0.0,3.0
138.0,0.01,0.0,0.004,0.001,0.0,0.0,51.0,1.2,0.0,1.8,98.0,73.0,171.0,9.0,0.0,148.0,145.0,147.0,14.0,1.0,1.0
149.0,0.0,0.0,0.008,0.0,0.0,0.0,59.0,0.5,27.0,5.5,15.0,148.0,163.0,1.0,0.0,155.0,154.0,156.0,0.0,0.0,1.0
138.0,0.01,0.0,0.006,0.0,0.0,0.0,57.0,0.8,0.0,3.8,51.0,127.0,178.0,3.0,0.0,149.0,150.0,150.0,10.0,0.0,1.0
141.0,0.0,0.019,0.002,0.0,0.0,0.0,78.0,0.2,49.0,4.8,10.0,136.0,146.0,1.0,0.0,142.0,141.0,143.0,0.0,0.0,2.0
136.0,0.008,0.0,0.007,0.0,0.0,0.0,42.0,0.7,20.0,4.3,38.0,120.0,158.0,2.0,1.0,141.0,143.0,144.0,3.0,0.0,1.0
124.0,0.0,0.007,0.0,0.0,0.0,0.0,59.0,0.6,0.0,7.6,25.0,111.0,136.0,0.0,0.0,129.0,129.0,130.0,0.0,1.0,1.0
143.0,0.0,0.0,0.003,0.0,0.0,0.0,64.0,0.6,26.0,11.6,85.0,73.0,158.0,7.0,1.0,146.0,145.0,147.0,2.0,1.0,2.0
122.0,0.0,0.0,0.007,0.008,0.0,0.0,21.0,1.7,0.0,8.0,55.0,81.0,136.0,2.0,1.0,126.0,115.0,118.0,22.0,1.0,1.0
135.0,0.012,0.002,0.004,0.0,0.0,0.0,60.0,0.9,0.0,0.5,44.0,124.0,168.0,3.0,0.0,148.0,144.0,147.0,6.0,0.0,1.0
139.0,0.0,0.003,0.0,0.0,0.0,0.0,76.0,0.3,12.0,6.1,17.0,128.0,145.0,1.0,1.0,140.0,140.0,141.0,0.0,1.0,2.0
132.0,0.001,0.0,0.006,0.006,0.0,0.0,28.0,2.1,6.0,16.2,101.0,50.0,151.0,11.0,1.0,143.0,129.0,136.0,42.0,1.0,1.0
132.0,0.013,0.0,0.003,0.003,0.0,0.0,31.0,4.8,0.0,5.4,147.0,52.0,199.0,9.0,1.0,133.0,154.0,163.0,137.0,1.0,1.0
129.0,0.005,0.003,0.005,0.0,0.0,0.0,35.0,1.3,0.0,10.1,92.0,101.0,193.0,6.0,0.0,136.0,134.0,135.0,4.0,0.0,1.0
136.0,0.0,0.001,0.008,0.001,0.0,0.0,67.0,1.9,0.0,5.3,45.0,100.0,145.0,2.0,0.0,135.0,132.0,136.0,2.0,1.0,1.0
142.0,0.019,0.085,0.0,0.0,0.0,0.0,32.0,2.3,0.0,0.0,144.0,56.0,200.0,10.0,0.0,170.0,158.0,162.0,37.0,1.0,1.0
121.0,0.005,0.004,0.005,0.006,0.0,0.0,56.0,1.8,0.0,2.6,99.0,70.0,169.0,6.0,0.0,124.0,120.0,125.0,37.0,0.0,1.0
126.0,0.007,0.0,0.007,0.0,0.0,0.0,30.0,1.2,0.0,4.3,49.0,107.0,156.0,3.0,0.0,127.0,134.0,134.0,11.0,0.0,1.0
132.0,0.0,0.0,0.005,0.0,0.0,0.0,64.0,0.4,38.0,6.3,22.0,121.0,143.0,2.0,0.0,133.0,132.0,133.0,0.0,0.0,2.0
123.0,0.012,0.0,0.002,0.0,0.0,0.0,22.0,2.2,0.0,6.7,52.0,100.0,152.0,2.0,0.0,131.0,132.0,133.0,4.0,0.0,1.0
141.0,0.006,0.0,0.006,0.0,0.0,0.0,58.0,1.3,0.0,5.7,78.0,94.0,172.0,6.0,1.0,142.0,142.0,147.0,8.0,0.0,1.0
110.0,0.004,0.001,0.009,0.003,0.0,0.0,64.0,1.8,0.0,6.8,176.0,62.0,238.0,7.0,0.0,110.0,106.0,110.0,36.0,-1.0,1.0
148.0,0.0,0.0,0.008,0.0,0.0,0.0,44.0,0.6,19.0,6.9,19.0,150.0,169.0,1.0,0.0,163.0,161.0,163.0,0.0,0.0,2.0
120.0,0.003,0.0,0.002,0.0,0.0,0.0,53.0,0.8,3.0,10.1,93.0,71.0,164.0,7.0,0.0,117.0,127.0,128.0,21.0,0.0,1.0
133.0,0.005,0.0,0.005,0.004,0.0,0.0,27.0,1.8,0.0,17.8,92.0,61.0,153.0,5.0,1.0,142.0,134.0,140.0,29.0,1.0,1.0
144.0,0.0,0.002,0.0,0.0,0.0,0.0,47.0,0.8,11.0,13.6,90.0,74.0,164.0,5.0,1.0,153.0,151.0,152.0,3.0,1.0,2.0
133.0,0.004,0.47,0.005,0.003,0.0,0.001,29.0,1.7,0.0,9.5,118.0,59.0,177.0,7.0,1.0,133.0,129.0,133.0,27.0,0.0,1.0
131.0,0.007,0.004,0.003,0.0,0.0,0.0,53.0,2.4,0.0,0.0,56.0,109.0,165.0,4.0,0.0,131.0,140.0,143.0,25.0,0.0,1.0
125.0,0.001,0.001,0.008,0.01,0.0,0.0,63.0,1.1,0.0,4.1,100.0,64.0,164.0,5.0,2.0,116.0,114.0,117.0,13.0,0.0,1.0
131.0,0.008,0.003,0.002,0.0,0.0,0.0,53.0,1.8,0.0,3.2,60.0,109.0,169.0,7.0,0.0,150.0,143.0,147.0,14.0,0.0,1.0
129.0,0.003,0.0,0.0,0.0,0.0,0.0,28.0,1.1,1.0,7.1,30.0,122.0,152.0,1.0,0.0,133.0,133.0,134.0,2.0,0.0,1.0
122.0,0.0,0.0,0.006,0.004,0.0,0.0,30.0,1.1,0.0,7.6,39.0,93.0,132.0,2.0,0.0,126.0,122.0,125.0,4.0,1.0,1.0
126.0,0.001,0.0,0.005,0.0,0.0,0.0,34.0,0.9,3.0,10.2,41.0,110.0,151.0,2.0,0.0,126.0,128.0,129.0,4.0,0.0,1.0
144.0,0.003,0.0,0.008,0.0,0.0,0.0,48.0,0.7,6.0,10.2,47.0,120.0,167.0,3.0,0.0,148.0,149.0,150.0,3.0,0.0,1.0
148.0,0.0,0.0,0.006,0.0,0.0,0.0,51.0,0.5,62.0,4.5,8.0,155.0,163.0,1.0,0.0,160.0,159.0,161.0,0.0,0.0,2.0
143.0,0.0,0.017,0.0,0.0,0.0,0.0,70.0,0.3,50.0,5.1,13.0,142.0,155.0,1.0,0.0,147.0,146.0,148.0,0.0,0.0,2.0
132.0,0.0,0.0,0.01,0.0,0.0,0.0,16.0,2.5,0.0,33.5,105.0,54.0,159.0,9.0,1.0,136.0,131.0,134.0,15.0,1.0,1.0
141.0,0.009,0.023,0.0,0.0,0.0,0.0,46.0,1.1,2.0,2.9,114.0,58.0,172.0,7.0,0.0,154.0,149.0,152.0,8.0,1.0,1.0
148.0,0.0,0.0,0.007,0.0,0.0,0.0,51.0,0.6,56.0,4.4,13.0,152.0,165.0,2.0,0.0,160.0,159.0,161.0,0.0,0.0,1.0
134.0,0.004,0.0,0.0,0.001,0.0,0.004,64.0,1.9,0.0,0.0,120.0,66.0,186.0,9.0,0.0,88.0,104.0,106.0,109.0,-1.0,3.0
120.0,0.004,0.001,0.003,0.0,0.0,0.0,56.0,0.5,0.0,8.8,35.0,106.0,141.0,1.0,0.0,125.0,125.0,126.0,3.0,0.0,1.0
148.0,0.0,0.025,0.0,0.0,0.0,0.0,72.0,0.3,59.0,4.3,14.0,139.0,153.0,1.0,0.0,150.0,148.0,150.0,0.0,1.0,2.0
128.0,0.0,0.002,0.007,0.005,0.0,0.002,66.0,2.7,0.0,0.0,129.0,63.0,192.0,4.0,0.0,105.0,89.0,112.0,21.0,0.0,3.0
122.0,0.001,0.0,0.004,0.0,0.0,0.0,21.0,1.7,0.0,16.1,48.0,104.0,152.0,2.0,0.0,125.0,126.0,126.0,4.0,0.0,1.0
120.0,0.0,0.008,0.0,0.0,0.0,0.0,54.0,0.6,12.0,8.6,24.0,109.0,133.0,0.0,1.0,123.0,122.0,124.0,1.0,0.0,1.0
144.0,0.004,0.0,0.005,0.001,0.0,0.0,38.0,1.0,3.0,7.0,63.0,116.0,179.0,3.0,0.0,155.0,153.0,155.0,6.0,0.0,1.0
133.0,0.0,0.004,0.001,0.0,0.0,0.0,53.0,0.6,13.0,9.9,22.0,125.0,147.0,2.0,0.0,137.0,136.0,137.0,1.0,0.0,1.0
135.0,0.008,0.0,0.007,0.004,0.0,0.0,26.0,1.6,0.0,6.0,106.0,64.0,170.0,4.0,2.0,141.0,138.0,141.0,16.0,1.0,1.0
134.0,0.003,0.007,0.001,0.0,0.0,0.0,53.0,3.7,0.0,50.7,130.0,54.0,184.0,1.0,0.0,136.0,135.0,139.0,25.0,0.0,1.0
131.0,0.0,0.0,0.0,0.008,0.0,0.0,37.0,1.9,0.0,3.2,90.0,58.0,148.0,4.0,1.0,127.0,121.0,126.0,21.0,1.0,1.0
123.0,0.006,0.0,0.006,0.0,0.0,0.0,36.0,0.9,16.0,3.7,34.0,115.0,149.0,1.0,0.0,126.0,127.0,127.0,3.0,-1.0,1.0
132.0,0.0,0.108,0.002,0.01,0.0,0.0,26.0,4.5,0.0,12.5,149.0,50.0,199.0,9.0,0.0,133.0,120.0,126.0,56.0,0.0,1.0
135.0,0.0,0.0,0.007,0.001,0.0,0.0,52.0,0.6,7.0,9.8,32.0,117.0,149.0,1.0,0.0,140.0,137.0,139.0,2.0,0.0,1.0
142.0,0.003,0.0,0.004,0.0,0.0,0.0,46.0,0.7,27.0,5.9,26.0,133.0,159.0,1.0,0.0,150.0,148.0,150.0,1.0,0.0,1.0
122.0,0.001,0.0,0.003,0.0,0.0,0.0,21.0,1.8,2.0,14.9,54.0,100.0,154.0,3.0,0.0,126.0,125.0,127.0,4.0,0.0,1.0
134.0,0.0,0.003,0.0,0.0,0.0,0.0,79.0,0.2,42.0,5.5,17.0,128.0,145.0,2.0,0.0,135.0,135.0,136.0,1.0,0.0,2.0
136.0,0.0,0.0,0.008,0.0,0.0,0.0,36.0,1.0,0.0,16.1,37.0,117.0,154.0,2.0,0.0,139.0,137.0,138.0,3.0,0.0,1.0
132.0,0.0,0.0,0.008,0.002,0.0,0.002,30.0,1.7,0.0,0.0,90.0,60.0,150.0,3.0,0.0,99.0,104.0,102.0,33.0,0.0,3.0
133.0,0.0,0.0,0.008,0.0,0.0,0.0,41.0,1.0,5.0,28.9,73.0,84.0,157.0,8.0,2.0,140.0,136.0,140.0,8.0,1.0,1.0
144.0,0.0,0.019,0.0,0.0,0.0,0.0,76.0,0.4,61.0,10.6,81.0,71.0,152.0,3.0,0.0,145.0,144.0,146.0,2.0,1.0,2.0
129.0,0.0,0.002,0.005,0.013,0.0,0.0,58.0,4.3,0.0,0.0,158.0,72.0,230.0,10.0,1.0,111.0,88.0,126.0,33.0,-1.0,1.0
137.0,0.001,0.0,0.0,0.0,0.0,0.0,70.0,0.4,48.0,4.7,66.0,134.0,200.0,3.0,0.0,140.0,142.0,143.0,3.0,-1.0,2.0
122.0,0.0,0.0,0.0,0.0,0.0,0.0,19.0,1.9,0.0,15.1,39.0,103.0,142.0,1.0,0.0,120.0,120.0,122.0,3.0,0.0,1.0
128.0,0.002,0.0,0.011,0.002,0.0,0.0,28.0,3.4,0.0,20.0,137.0,54.0,191.0,9.0,1.0,125.0,137.0,130.0,79.0,0.0,1.0
130.0,0.004,0.0,0.006,0.0,0.0,0.0,48.0,0.7,32.0,6.7,53.0,102.0,155.0,5.0,0.0,137.0,136.0,138.0,2.0,0.0,1.0
156.0,0.0,0.0,0.011,0.008,0.0,0.001,34.0,5.4,0.0,3.3,150.0,50.0,200.0,8.0,0.0,117.0,131.0,136.0,108.0,0.0,2.0
136.0,0.001,0.0,0.002,0.005,0.0,0.002,24.0,2.3,0.0,0.0,116.0,51.0,167.0,6.0,2.0,126.0,115.0,122.0,57.0,0.0,3.0
146.0,0.008,0.0,0.007,0.0,0.0,0.0,28.0,1.3,1.0,6.9,65.0,120.0,185.0,7.0,1.0,153.0,154.0,155.0,6.0,0.0,1.0
125.0,0.0,0.0,0.007,0.008,0.0,0.0,62.0,1.4,0.0,1.4,73.0,68.0,141.0,8.0,0.0,128.0,117.0,125.0,30.0,1.0,1.0
139.0,0.006,0.002,0.01,0.006,0.0,0.0,54.0,1.6,0.0,2.2,96.0,76.0,172.0,4.0,1.0,161.0,139.0,145.0,78.0,1.0,1.0
159.0,0.0,0.0,0.003,0.0,0.0,0.0,62.0,0.5,6.0,13.2,91.0,81.0,172.0,0.0,0.0,163.0,163.0,164.0,2.0,1.0,2.0
142.0,0.0,0.001,0.002,0.0,0.0,0.0,30.0,2.9,5.0,36.9,108.0,50.0,158.0,1.0,0.0,141.0,140.0,144.0,9.0,1.0,1.0
125.0,0.0,0.001,0.008,0.009,0.0,0.001,65.0,1.0,0.0,5.2,76.0,64.0,140.0,4.0,1.0,116.0,111.0,115.0,10.0,0.0,1.0
123.0,0.0,0.0,0.0,0.0,0.0,0.0,70.0,0.5,33.0,8.3,71.0,89.0,160.0,5.0,0.0,123.0,124.0,126.0,1.0,0.0,2.0
122.0,0.0,0.018,0.003,0.005,0.0,0.0,22.0,4.4,0.0,15.2,150.0,50.0,200.0,7.0,0.0,119.0,113.0,117.0,24.0,0.0,1.0
122.0,0.004,0.0,0.003,0.0,0.0,0.0,21.0,1.7,0.0,14.9,55.0,104.0,159.0,1.0,1.0,126.0,127.0,128.0,6.0,0.0,1.0
136.0,0.006,0.0,0.006,0.0,0.0,0.0,43.0,0.7,1.0,4.6,39.0,120.0,159.0,0.0,1.0,145.0,144.0,146.0,2.0,0.0,1.0
138.0,0.001,0.0,0.004,0.0,0.0,0.0,43.0,0.7,9.0,8.3,25.0,131.0,156.0,0.0,0.0,142.0,142.0,144.0,1.0,0.0,1.0
142.0,0.001,0.0,0.005,0.012,0.0,0.0,23.0,3.6,0.0,1.9,144.0,50.0,194.0,12.0,1.0,143.0,127.0,135.0,72.0,0.0,1.0
122.0,0.002,0.0,0.003,0.0,0.0,0.0,21.0,1.8,0.0,16.3,44.0,108.0,152.0,1.0,0.0,125.0,127.0,127.0,5.0,0.0,1.0
126.0,0.003,0.0,0.007,0.003,0.0,0.0,25.0,1.8,0.0,14.6,102.0,52.0,154.0,3.0,0.0,136.0,130.0,134.0,12.0,1.0,1.0
148.0,0.004,0.0,0.005,0.0,0.0,0.0,44.0,0.8,8.0,9.4,31.0,142.0,173.0,4.0,0.0,157.0,156.0,158.0,1.0,0.0,1.0
147.0,0.008,0.0,0.003,0.0,0.0,0.0,41.0,0.8,15.0,1.8,35.0,140.0,175.0,0.0,0.0,157.0,157.0,158.0,1.0,0.0,1.0
106.0,0.001,0.0,0.011,0.0,0.0,0.0,63.0,0.6,0.0,11.5,30.0,95.0,125.0,1.0,0.0,112.0,110.0,112.0,1.0,0.0,1.0
114.0,0.0,0.0,0.009,0.0,0.0,0.0,65.0,0.5,0.0,12.0,24.0,102.0,126.0,1.0,0.0,115.0,115.0,116.0,1.0,0.0,1.0
122.0,0.0,0.0,0.003,0.0,0.0,0.0,22.0,1.8,2.0,15.7,36.0,104.0,140.0,2.0,0.0,126.0,125.0,127.0,2.0,0.0,1.0
130.0,0.004,0.0,0.001,0.0,0.0,0.0,75.0,0.6,10.0,5.4,32.0,126.0,158.0,3.0,0.0,139.0,139.0,140.0,3.0,0.0,1.0
138.0,0.001,0.0,0.004,0.0,0.0,0.0,43.0,1.1,20.0,11.3,44.0,129.0,173.0,8.0,2.0,162.0,155.0,159.0,8.0,1.0,2.0
140.0,0.0,0.019,0.0,0.0,0.0,0.0,77.0,0.2,82.0,3.7,8.0,136.0,144.0,1.0,0.0,141.0,140.0,142.0,0.0,0.0,3.0
140.0,0.0,0.002,0.002,0.008,0.0,0.0,60.0,1.4,0.0,4.7,96.0,63.0,159.0,8.0,1.0,142.0,133.0,143.0,29.0,1.0,1.0
127.0,0.0,0.0,0.006,0.0,0.0,0.0,62.0,0.5,73.0,4.0,12.0,119.0,131.0,1.0,0.0,123.0,124.0,125.0,0.0,0.0,1.0
133.0,0.001,0.0,0.009,0.004,0.0,0.004,63.0,2.1,0.0,0.0,133.0,52.0,185.0,4.0,0.0,125.0,94.0,97.0,147.0,-1.0,3.0
133.0,0.0,0.003,0.005,0.004,0.0,0.0,62.0,2.0,0.0,1.6,100.0,62.0,162.0,3.0,0.0,133.0,119.0,128.0,44.0,0.0,1.0
122.0,0.005,0.0,0.004,0.003,0.0,0.0,32.0,1.2,0.0,6.5,57.0,93.0,150.0,2.0,0.0,133.0,130.0,134.0,12.0,1.0,1.0
120.0,0.005,0.0,0.01,0.0,0.0,0.0,56.0,0.9,13.0,8.7,130.0,55.0,185.0,10.0,0.0,125.0,128.0,130.0,8.0,0.0,1.0
131.0,0.006,0.0,0.003,0.005,0.0,0.002,35.0,1.7,0.0,0.0,126.0,52.0,178.0,6.0,1.0,143.0,128.0,142.0,92.0,1.0,1.0
126.0,0.0,0.0,0.008,0.0,0.0,0.0,34.0,1.0,0.0,15.2,33.0,109.0,142.0,1.0,0.0,134.0,131.0,134.0,3.0,1.0,1.0
142.0,0.0,0.002,0.002,0.0,0.0,0.0,43.0,0.8,3.0,9.4,27.0,137.0,164.0,2.0,0.0,146.0,145.0,146.0,1.0,-1.0,1.0
125.0,0.014,0.01,0.005,0.005,0.0,0.0,22.0,2.2,0.0,0.0,107.0,67.0,174.0,7.0,1.0,134.0,134.0,138.0,21.0,0.0,1.0
122.0,0.002,0.0,0.002,0.0,0.0,0.0,20.0,1.8,0.0,15.0,37.0,105.0,142.0,0.0,0.0,125.0,123.0,125.0,4.0,0.0,1.0
142.0,0.002,0.054,0.001,0.007,0.0,0.0,64.0,4.0,0.0,0.4,143.0,67.0,210.0,9.0,2.0,142.0,109.0,150.0,54.0,0.0,1.0
136.0,0.0,0.0,0.008,0.0,0.0,0.0,37.0,1.0,0.0,15.7,37.0,117.0,154.0,2.0,1.0,138.0,137.0,139.0,2.0,0.0,1.0
119.0,0.0,0.0,0.009,0.0,0.0,0.0,27.0,1.2,0.0,13.4,36.0,110.0,146.0,1.0,0.0,120.0,120.0,121.0,1.0,-1.0,1.0
120.0,0.0,0.0,0.001,0.007,0.0,0.002,64.0,1.1,0.0,0.0,80.0,74.0,154.0,3.0,0.0,86.0,99.0,99.0,40.0,-1.0,3.0
144.0,0.009,0.0,0.006,0.0,0.0,0.0,34.0,1.0,0.0,8.7,48.0,126.0,174.0,1.0,0.0,153.0,153.0,154.0,5.0,0.0,1.0
130.0,0.007,0.001,0.001,0.0,0.0,0.0,71.0,0.7,10.0,4.0,31.0,127.0,158.0,1.0,0.0,139.0,140.0,141.0,3.0,0.0,1.0
141.0,0.001,0.0,0.007,0.0,0.0,0.0,65.0,0.5,1.0,11.7,24.0,133.0,157.0,1.0,0.0,150.0,147.0,149.0,2.0,1.0,1.0
121.0,0.004,0.002,0.002,0.003,0.0,0.0,56.0,1.4,0.0,14.0,88.0,81.0,169.0,4.0,0.0,124.0,123.0,125.0,23.0,0.0,1.0
127.0,0.009,0.0,0.007,0.001,0.0,0.0,53.0,2.7,0.0,4.3,111.0,71.0,182.0,6.0,1.0,139.0,124.0,139.0,15.0,0.0,1.0
132.0,0.008,0.0,0.009,0.012,0.0,0.0,55.0,2.7,0.0,0.0,123.0,60.0,183.0,5.0,0.0,144.0,118.0,142.0,100.0,1.0,1.0
143.0,0.0,0.0,0.002,0.0,0.0,0.0,68.0,0.3,5.0,9.4,23.0,135.0,158.0,1.0,0.0,144.0,144.0,145.0,1.0,0.0,1.0
121.0,0.007,0.0,0.01,0.004,0.0,0.0,21.0,1.9,0.0,2.9,83.0,74.0,157.0,2.0,0.0,125.0,123.0,126.0,19.0,0.0,1.0
122.0,0.003,0.0,0.0,0.009,0.0,0.0,18.0,2.4,0.0,4.9,74.0,69.0,143.0,1.0,1.0,131.0,117.0,120.0,40.0,1.0,1.0
125.0,0.001,0.0,0.003,0.0,0.0,0.0,38.0,0.8,12.0,8.8,42.0,103.0,145.0,2.0,0.0,131.0,129.0,132.0,1.0,1.0,1.0
133.0,0.008,0.0,0.008,0.004,0.0,0.0,34.0,1.2,0.0,7.1,60.0,103.0,163.0,2.0,0.0,136.0,140.0,141.0,14.0,0.0,1.0
132.0,0.007,0.0,0.01,0.0,0.0,0.0,33.0,1.2,0.0,14.0,64.0,103.0,167.0,5.0,0.0,150.0,141.0,141.0,18.0,0.0,1.0
125.0,0.001,0.0,0.004,0.0,0.0,0.0,38.0,0.8,25.0,6.2,28.0,116.0,144.0,1.0,0.0,131.0,129.0,131.0,1.0,0.0,1.0
130.0,0.005,0.001,0.001,0.0,0.0,0.0,72.0,0.9,9.0,4.8,31.0,127.0,158.0,1.0,0.0,139.0,139.0,141.0,3.0,0.0,1.0
120.0,0.0,0.013,0.0,0.001,0.0,0.0,53.0,0.7,7.0,12.2,77.0,56.0,133.0,6.0,0.0,123.0,121.0,123.0,3.0,1.0,1.0
145.0,0.003,0.0,0.006,0.0,0.0,0.0,48.0,0.7,2.0,6.3,38.0,133.0,171.0,2.0,0.0,160.0,159.0,160.0,2.0,1.0,1.0
126.0,0.006,0.0,0.01,0.0,0.0,0.0,27.0,1.3,0.0,6.3,43.0,113.0,156.0,3.0,0.0,129.0,134.0,134.0,10.0,0.0,1.0
141.0,0.0,0.0,0.0,0.0,0.0,0.0,61.0,0.4,29.0,5.3,13.0,135.0,148.0,1.0,0.0,144.0,143.0,145.0,0.0,1.0,2.0
158.0,0.012,0.026,0.0,0.0,0.0,0.0,42.0,0.9,0.0,2.8,43.0,151.0,194.0,2.0,0.0,180.0,175.0,178.0,10.0,0.0,1.0
132.0,0.0,0.0,0.005,0.0,0.0,0.0,33.0,1.0,0.0,13.3,35.0,120.0,155.0,1.0,0.0,138.0,138.0,139.0,2.0,0.0,1.0
137.0,0.0,0.003,0.001,0.0,0.0,0.0,77.0,0.2,40.0,6.6,29.0,127.0,156.0,2.0,0.0,138.0,141.0,141.0,3.0,0.0,2.0
135.0,0.0,0.0,0.007,0.001,0.0,0.0,54.0,0.5,12.0,9.0,32.0,117.0,149.0,2.0,0.0,140.0,137.0,140.0,2.0,1.0,1.0
110.0,0.004,0.001,0.002,0.001,0.0,0.0,65.0,1.1,0.0,9.3,88.0,90.0,178.0,5.0,0.0,109.0,113.0,112.0,24.0,-1.0,1.0
138.0,0.017,0.0,0.005,0.0,0.0,0.0,35.0,5.3,0.0,4.5,148.0,52.0,200.0,11.0,2.0,146.0,157.0,161.0,72.0,1.0,1.0
125.0,0.0,0.001,0.007,0.007,0.0,0.0,62.0,1.9,0.0,1.6,70.0,68.0,138.0,6.0,0.0,130.0,118.0,127.0,25.0,1.0,1.0
144.0,0.0,0.012,0.0,0.0,0.0,0.0,75.0,0.2,52.0,5.6,16.0,136.0,152.0,1.0,0.0,145.0,144.0,146.0,0.0,0.0,2.0
140.0,0.001,0.0,0.006,0.0,0.0,0.0,78.0,0.4,27.0,7.0,66.0,103.0,169.0,6.0,0.0,152.0,147.0,151.0,4.0,1.0,2.0
122.0,0.002,0.0,0.005,0.003,0.0,0.0,26.0,1.5,0.0,7.7,68.0,89.0,157.0,2.0,0.0,125.0,122.0,124.0,11.0,0.0,1.0
143.0,0.0,0.0,0.001,0.0,0.0,0.0,59.0,0.5,29.0,9.8,37.0,120.0,157.0,5.0,1.0,146.0,146.0,147.0,2.0,1.0,1.0
136.0,0.0,0.0,0.004,0.0,0.0,0.0,52.0,0.5,28.0,6.1,14.0,136.0,150.0,1.0,0.0,144.0,143.0,145.0,0.0,0.0,1.0
120.0,0.0,0.0,0.003,0.0,0.0,0.0,50.0,0.7,26.0,6.0,20.0,116.0,136.0,0.0,0.0,125.0,123.0,125.0,1.0,0.0,1.0
127.0,0.003,0.005,0.002,0.0,0.0,0.0,58.0,0.5,0.0,8.3,38.0,113.0,151.0,3.0,0.0,129.0,134.0,136.0,6.0,0.0,1.0
136.0,0.001,0.0,0.004,0.0,0.0,0.0,37.0,0.9,0.0,11.7,47.0,107.0,154.0,2.0,0.0,138.0,139.0,140.0,2.0,1.0,1.0
120.0,0.0,0.0,0.004,0.009,0.0,0.001,62.0,1.9,0.0,3.9,128.0,63.0,191.0,10.0,1.0,107.0,95.0,105.0,37.0,-1.0,3.0
128.0,0.0,0.334,0.003,0.003,0.0,0.003,34.0,2.5,0.0,4.0,145.0,54.0,199.0,11.0,1.0,75.0,99.0,102.0,148.0,-1.0,3.0
152.0,0.0,0.0,0.003,0.0,0.0,0.0,61.0,0.4,71.0,5.8,30.0,134.0,164.0,4.0,0.0,160.0,158.0,160.0,1.0,1.0,3.0
136.0,0.0,0.0,0.007,0.0,0.0,0.0,39.0,0.9,0.0,12.6,41.0,110.0,151.0,3.0,0.0,139.0,139.0,140.0,1.0,1.0,1.0
123.0,0.003,0.005,0.0,0.0,0.0,0.0,55.0,0.7,0.0,8.9,71.0,81.0,152.0,4.0,0.0,129.0,129.0,130.0,3.0,1.0,1.0
141.0,0.001,0.0,0.007,0.004,0.0,0.0,28.0,1.7,2.0,11.7,86.0,85.0,171.0,9.0,0.0,144.0,141.0,144.0,15.0,1.0,1.0
148.0,0.0,0.0,0.004,0.0,0.0,0.0,55.0,0.6,13.0,10.4,46.0,115.0,161.0,5.0,0.0,151.0,152.0,153.0,1.0,1.0,1.0
134.0,0.003,0.0,0.008,0.003,0.0,0.0,16.0,2.4,0.0,23.0,117.0,53.0,170.0,11.0,0.0,137.0,134.0,137.0,13.0,1.0,1.0
123.0,0.001,0.0,0.004,0.0,0.0,0.0,54.0,0.5,9.0,8.4,29.0,116.0,145.0,4.0,0.0,126.0,128.0,129.0,3.0,0.0,1.0
126.0,0.003,0.0,0.004,0.0,0.0,0.0,25.0,1.3,0.0,11.9,56.0,101.0,157.0,2.0,0.0,126.0,131.0,130.0,9.0,0.0,1.0
140.0,0.0,0.004,0.002,0.007,0.0,0.0,59.0,1.8,0.0,8.8,102.0,52.0,154.0,5.0,0.0,142.0,122.0,141.0,34.0,1.0,1.0
142.0,0.002,0.0,0.008,0.007,0.0,0.0,41.0,1.4,27.0,4.6,115.0,67.0,182.0,4.0,0.0,157.0,140.0,150.0,80.0,1.0,1.0
138.0,0.004,0.013,0.0,0.0,0.0,0.0,45.0,1.0,0.0,12.8,115.0,71.0,186.0,7.0,0.0,144.0,144.0,145.0,6.0,0.0,1.0
131.0,0.002,0.0,0.005,0.005,0.0,0.0,42.0,1.0,11.0,4.6,102.0,51.0,153.0,6.0,0.0,143.0,134.0,141.0,34.0,1.0,1.0
137.0,0.0,0.0,0.004,0.0,0.0,0.0,61.0,0.4,34.0,5.9,15.0,132.0,147.0,1.0,0.0,142.0,140.0,142.0,0.0,0.0,2.0
133.0,0.0,0.0,0.007,0.0,0.0,0.0,75.0,0.4,15.0,6.7,26.0,129.0,155.0,2.0,0.0,136.0,137.0,139.0,1.0,0.0,1.0
136.0,0.001,0.0,0.004,0.0,0.0,0.0,39.0,0.8,28.0,6.6,33.0,124.0,157.0,4.0,0.0,141.0,139.0,141.0,1.0,0.0,1.0
150.0,0.0,0.004,0.0,0.0,0.0,0.0,82.0,0.4,38.0,5.2,12.0,148.0,160.0,0.0,0.0,152.0,154.0,155.0,1.0,0.0,3.0
127.0,0.008,0.003,0.0,0.001,0.0,0.0,35.0,1.2,0.0,5.1,119.0,62.0,181.0,6.0,0.0,133.0,138.0,134.0,27.0,0.0,1.0
142.0,0.003,0.0,0.004,0.0,0.0,0.0,34.0,1.1,0.0,19.6,67.0,94.0,161.0,5.0,1.0,151.0,146.0,149.0,8.0,1.0,1.0
142.0,0.0,0.045,0.0,0.0,0.0,0.0,55.0,0.6,5.0,12.2,44.0,116.0,160.0,4.0,0.0,145.0,145.0,147.0,2.0,1.0,1.0
127.0,0.01,0.006,0.004,0.0,0.0,0.0,43.0,1.9,0.0,18.5,124.0,60.0,184.0,10.0,0.0,133.0,137.0,138.0,16.0,0.0,1.0
160.0,0.01,0.0,0.008,0.0,0.0,0.0,58.0,0.8,0.0,8.2,74.0,131.0,205.0,7.0,0.0,179.0,170.0,174.0,14.0,0.0,1.0
135.0,0.003,0.0,0.007,0.0,0.0,0.0,29.0,1.3,0.0,10.4,37.0,123.0,160.0,3.0,0.0,138.0,139.0,140.0,3.0,0.0,1.0
122.0,0.0,0.0,0.007,0.003,0.0,0.0,31.0,1.0,7.0,9.5,32.0,101.0,133.0,2.0,0.0,123.0,122.0,124.0,3.0,1.0,1.0
128.0,0.013,0.0,0.003,0.003,0.0,0.0,34.0,4.9,0.0,16.0,147.0,52.0,199.0,7.0,2.0,133.0,155.0,163.0,137.0,1.0,1.0
130.0,0.0,0.009,0.008,0.0,0.0,0.0,73.0,2.1,12.0,1.4,27.0,124.0,151.0,2.0,0.0,128.0,127.0,130.0,1.0,-1.0,1.0
125.0,0.0,0.0,0.009,0.006,0.0,0.001,65.0,1.0,0.0,5.6,82.0,64.0,146.0,6.0,2.0,116.0,110.0,115.0,9.0,0.0,1.0
133.0,0.0,0.0,0.005,0.0,0.0,0.0,75.0,0.6,20.0,4.7,26.0,129.0,155.0,2.0,0.0,136.0,136.0,138.0,0.0,-1.0,1.0
154.0,0.007,0.001,0.002,0.0,0.0,0.0,45.0,0.8,0.0,3.5,47.0,142.0,189.0,2.0,1.0,161.0,166.0,165.0,10.0,0.0,1.0
150.0,0.0,0.0,0.001,0.0,0.0,0.0,81.0,0.4,17.0,7.1,44.0,130.0,174.0,2.0,0.0,152.0,150.0,151.0,1.0,0.0,3.0
138.0,0.0,0.002,0.0,0.0,0.0,0.0,68.0,0.3,21.0,7.2,22.0,128.0,150.0,1.0,0.0,144.0,142.0,144.0,1.0,1.0,2.0
139.0,0.001,0.011,0.0,0.0,0.0,0.0,54.0,0.9,3.0,9.4,121.0,55.0,176.0,6.0,1.0,154.0,147.0,148.0,9.0,1.0,2.0
132.0,0.0,0.0,0.006,0.008,0.0,0.0,15.0,3.2,0.0,16.9,100.0,50.0,150.0,10.0,2.0,133.0,122.0,130.0,41.0,1.0,1.0
127.0,0.007,0.005,0.0,0.0,0.0,0.0,48.0,1.1,2.0,14.0,84.0,64.0,148.0,2.0,0.0,133.0,132.0,134.0,7.0,1.0,1.0
141.0,0.002,0.0,0.007,0.005,0.0,0.0,25.0,1.8,1.0,12.6,86.0,85.0,171.0,9.0,0.0,145.0,141.0,145.0,17.0,1.0,1.0
136.0,0.0,0.0,0.004,0.0,0.0,0.0,51.0,0.6,28.0,6.2,12.0,136.0,148.0,1.0,0.0,144.0,142.0,144.0,0.0,0.0,1.0
130.0,0.0,0.009,0.0,0.0,0.0,0.0,59.0,0.5,15.0,9.8,53.0,95.0,148.0,4.0,0.0,142.0,138.0,142.0,4.0,1.0,2.0
132.0,0.006,0.006,0.006,0.0,0.0,0.0,55.0,0.6,16.0,8.3,42.0,115.0,157.0,2.0,0.0,133.0,138.0,139.0,7.0,0.0,1.0
128.0,0.007,0.008,0.005,0.005,0.0,0.001,19.0,2.4,0.0,1.9,107.0,67.0,174.0,7.0,0.0,134.0,123.0,129.0,57.0,0.0,1.0
128.0,0.0,0.002,0.007,0.006,0.0,0.002,65.0,2.5,0.0,0.0,129.0,63.0,192.0,6.0,0.0,104.0,94.0,115.0,28.0,0.0,3.0
138.0,0.005,0.0,0.005,0.0,0.0,0.0,58.0,0.6,0.0,19.3,46.0,137.0,183.0,3.0,0.0,149.0,160.0,161.0,27.0,1.0,1.0
128.0,0.005,0.008,0.004,0.005,0.0,0.0,29.0,1.6,0.0,7.1,90.0,68.0,158.0,6.0,0.0,133.0,131.0,133.0,19.0,1.0,1.0
120.0,0.0,0.0,0.009,0.0,0.0,0.0,49.0,0.9,4.0,15.2,39.0,95.0,134.0,5.0,0.0,122.0,120.0,122.0,3.0,1.0,1.0
143.0,0.0,0.0,0.001,0.0,0.0,0.0,68.0,0.3,5.0,9.4,26.0,133.0,159.0,1.0,0.0,144.0,144.0,145.0,1.0,0.0,1.0
128.0,0.008,0.0,0.008,0.006,0.0,0.0,42.0,2.4,0.0,4.5,149.0,50.0,199.0,12.0,2.0,133.0,130.0,133.0,24.0,0.0,1.0
144.0,0.0,0.0,0.008,0.0,0.0,0.0,26.0,1.3,0.0,17.0,52.0,112.0,164.0,2.0,0.0,150.0,146.0,148.0,6.0,1.0,1.0
122.0,0.0,0.0,0.004,0.0,0.0,0.0,22.0,1.8,0.0,15.7,34.0,106.0,140.0,2.0,1.0,126.0,125.0,127.0,2.0,0.0,1.0
123.0,0.004,0.007,0.0,0.0,0.0,0.0,56.0,0.7,0.0,7.4,71.0,81.0,152.0,4.0,0.0,127.0,129.0,131.0,4.0,1.0,1.0
141.0,0.0,0.002,0.003,0.0,0.0,0.0,58.0,0.5,15.0,8.1,23.0,130.0,153.0,1.0,0.0,144.0,143.0,145.0,1.0,0.0,1.0
135.0,0.003,0.0,0.007,0.0,0.0,0.0,28.0,1.4,0.0,9.7,40.0,120.0,160.0,2.0,0.0,138.0,139.0,140.0,2.0,0.0,1.0
114.0,0.0,0.0,0.008,0.0,0.0,0.0,64.0,0.5,0.0,12.2,25.0,100.0,125.0,1.0,0.0,115.0,114.0,116.0,1.0,0.0,1.0
134.0,0.005,0.001,0.007,0.004,0.0,0.0,61.0,1.2,0.0,5.9,83.0,90.0,173.0,4.0,0.0,150.0,143.0,148.0,19.0,1.0,1.0
144.0,0.002,0.0,0.006,0.001,0.0,0.0,51.0,0.6,16.0,6.0,44.0,125.0,169.0,3.0,0.0,157.0,156.0,158.0,3.0,1.0,1.0
122.0,0.0,0.0,0.0,0.0,0.0,0.0,19.0,1.9,0.0,15.1,39.0,103.0,142.0,1.0,0.0,120.0,120.0,122.0,3.0,0.0,1.0
128.0,0.007,0.0,0.005,0.003,0.0,0.0,45.0,2.8,2.0,10.4,128.0,51.0,179.0,9.0,1.0,133.0,132.0,135.0,24.0,0.0,1.0
133.0,0.0,0.0,0.012,0.001,0.0,0.002,60.0,3.0,0.0,0.0,97.0,58.0,155.0,4.0,0.0,125.0,96.0,105.0,79.0,0.0,3.0
127.0,0.0,0.001,0.006,0.0,0.0,0.0,60.0,0.7,60.0,4.1,20.0,120.0,140.0,2.0,0.0,122.0,124.0,125.0,1.0,-1.0,1.0
140.0,0.001,0.0,0.001,0.0,0.0,0.0,52.0,0.8,0.0,16.2,108.0,57.0,165.0,7.0,0.0,146.0,145.0,147.0,4.0,1.0,1.0
135.0,0.0,0.001,0.0,0.0,0.0,0.0,56.0,1.0,39.0,16.4,89.0,67.0,156.0,8.0,0.0,143.0,140.0,142.0,6.0,1.0,2.0
142.0,0.0,0.0,0.004,0.0,0.0,0.0,49.0,0.6,30.0,7.1,17.0,140.0,157.0,1.0,0.0,150.0,148.0,150.0,0.0,0.0,1.0
158.0,0.0,0.0,0.0,0.0,0.0,0.0,55.0,0.5,38.0,5.8,15.0,156.0,171.0,0.0,0.0,165.0,164.0,166.0,0.0,0.0,1.0
112.0,0.0,0.0,0.007,0.005,0.0,0.0,16.0,2.2,3.0,10.4,62.0,78.0,140.0,3.0,1.0,112.0,108.0,110.0,10.0,0.0,1.0
140.0,0.006,0.003,0.003,0.0,0.0,0.0,56.0,1.5,1.0,15.1,108.0,68.0,176.0,3.0,0.0,156.0,150.0,153.0,15.0,1.0,1.0
130.0,0.001,0.0,0.005,0.0,0.0,0.0,22.0,1.4,11.0,7.2,32.0,120.0,152.0,2.0,0.0,133.0,132.0,134.0,1.0,0.0,1.0
140.0,0.004,0.0,0.006,0.004,0.0,0.0,65.0,0.9,0.0,5.5,73.0,96.0,169.0,4.0,0.0,145.0,141.0,145.0,13.0,0.0,1.0
150.0,0.0,0.0,0.001,0.001,0.0,0.0,64.0,2.0,8.0,29.5,130.0,56.0,186.0,5.0,0.0,150.0,148.0,151.0,10.0,1.0,2.0
146.0,0.005,0.0,0.005,0.003,0.0,0.0,29.0,1.3,2.0,7.5,70.0,99.0,169.0,2.0,1.0,150.0,148.0,150.0,7.0,1.0,1.0
127.0,0.004,0.0,0.013,0.004,0.0,0.0,13.0,3.2,0.0,10.1,98.0,61.0,159.0,3.0,2.0,129.0,124.0,129.0,35.0,1.0,1.0
138.0,0.0,0.0,0.003,0.0,0.0,0.0,44.0,0.6,61.0,5.1,19.0,130.0,149.0,1.0,0.0,141.0,140.0,142.0,0.0,0.0,2.0
119.0,0.0,0.0,0.003,0.0,0.0,0.0,34.0,1.1,0.0,14.0,92.0,58.0,150.0,4.0,0.0,127.0,125.0,128.0,3.0,1.0,1.0
131.0,0.01,0.0,0.006,0.001,0.0,0.0,52.0,1.3,0.0,2.8,56.0,111.0,167.0,2.0,0.0,138.0,140.0,142.0,8.0,0.0,1.0
121.0,0.0,0.0,0.003,0.005,0.0,0.002,24.0,1.5,0.0,0.0,68.0,71.0,139.0,2.0,0.0,123.0,106.0,108.0,53.0,0.0,2.0
127.0,0.011,0.033,0.002,0.0,0.0,0.0,38.0,1.4,0.0,7.2,113.0,61.0,174.0,6.0,1.0,129.0,144.0,141.0,45.0,1.0,1.0
122.0,0.0,0.0,0.001,0.0,0.0,0.0,40.0,0.7,12.0,8.0,23.0,106.0,129.0,1.0,0.0,125.0,121.0,124.0,3.0,1.0,1.0
141.0,0.005,0.0,0.008,0.001,0.0,0.0,57.0,0.7,1.0,8.1,69.0,102.0,171.0,4.0,0.0,160.0,152.0,156.0,13.0,1.0,1.0
128.0,0.005,0.01,0.005,0.005,0.0,0.001,26.0,2.0,0.0,8.2,91.0,65.0,156.0,8.0,0.0,133.0,126.0,132.0,41.0,1.0,1.0
146.0,0.0,0.0,0.005,0.008,0.0,0.0,27.0,1.9,15.0,6.4,81.0,86.0,167.0,5.0,0.0,151.0,140.0,145.0,31.0,1.0,1.0
135.0,0.001,0.0,0.006,0.0,0.0,0.0,41.0,0.8,6.0,9.5,34.0,119.0,153.0,3.0,0.0,142.0,140.0,142.0,2.0,0.0,1.0
135.0,0.004,0.003,0.0,0.0,0.0,0.0,59.0,0.5,13.0,6.6,95.0,70.0,165.0,5.0,0.0,142.0,141.0,143.0,2.0,1.0,1.0
144.0,0.0,0.0,0.006,0.0,0.0,0.0,45.0,0.7,0.0,9.8,30.0,139.0,169.0,2.0,0.0,157.0,155.0,157.0,2.0,0.0,2.0
140.0,0.0,0.002,0.004,0.008,0.0,0.0,62.0,1.4,0.0,4.9,93.0,66.0,159.0,5.0,1.0,142.0,134.0,144.0,30.0,1.0,1.0
138.0,0.001,0.0,0.004,0.0,0.0,0.0,44.0,1.0,20.0,11.9,99.0,81.0,180.0,9.0,2.0,162.0,156.0,159.0,8.0,1.0,1.0
114.0,0.006,0.047,0.009,0.0,0.0,0.0,27.0,2.4,0.0,13.5,128.0,54.0,182.0,6.0,0.0,119.0,118.0,119.0,13.0,0.0,1.0
133.0,0.005,0.0,0.008,0.003,0.0,0.0,31.0,1.3,0.0,12.8,60.0,103.0,163.0,2.0,0.0,140.0,139.0,140.0,10.0,0.0,1.0
130.0,0.007,0.001,0.0,0.0,0.0,0.0,67.0,0.9,0.0,2.8,46.0,112.0,158.0,4.0,0.0,137.0,138.0,139.0,4.0,0.0,1.0
159.0,0.002,0.0,0.01,0.0,0.0,0.0,58.0,0.5,0.0,7.9,44.0,133.0,177.0,4.0,0.0,163.0,164.0,166.0,2.0,1.0,1.0
143.0,0.0,0.0,0.004,0.0,0.0,0.0,66.0,0.4,5.0,10.0,24.0,134.0,158.0,1.0,0.0,144.0,144.0,145.0,1.0,0.0,1.0
133.0,0.0,0.0,0.01,0.003,0.0,0.002,61.0,2.8,0.0,0.0,105.0,57.0,162.0,6.0,0.0,125.0,96.0,103.0,95.0,0.0,3.0
133.0,0.0,0.0,0.007,0.003,0.0,0.0,35.0,1.3,4.0,27.0,90.0,67.0,157.0,7.0,0.0,139.0,135.0,139.0,16.0,1.0,1.0
149.0,0.01,0.0,0.008,0.0,0.0,0.0,35.0,1.0,0.0,0.5,34.0,145.0,179.0,3.0,0.0,169.0,166.0,169.0,5.0,1.0,1.0
139.0,0.012,0.001,0.006,0.0,0.0,0.0,53.0,1.4,0.0,18.1,108.0,96.0,204.0,5.0,0.0,144.0,153.0,152.0,47.0,0.0,1.0
148.0,0.004,0.0,0.005,0.0,0.0,0.0,37.0,0.8,0.0,7.1,39.0,142.0,181.0,1.0,0.0,157.0,157.0,159.0,3.0,0.0,1.0
126.0,0.009,0.0,0.008,0.0,0.0,0.0,23.0,1.5,0.0,10.3,33.0,122.0,155.0,2.0,0.0,136.0,137.0,139.0,3.0,0.0,1.0
125.0,0.001,0.0,0.003,0.0,0.0,0.0,37.0,0.8,12.0,8.7,42.0,103.0,145.0,2.0,0.0,131.0,129.0,132.0,1.0,1.0,1.0
133.0,0.0,0.001,0.006,0.003,0.0,0.002,62.0,1.9,0.0,4.2,105.0,60.0,165.0,4.0,0.0,128.0,108.0,116.0,71.0,0.0,3.0
119.0,0.002,0.0,0.003,0.0,0.0,0.0,30.0,1.3,2.0,11.6,89.0,77.0,166.0,3.0,2.0,121.0,122.0,123.0,3.0,0.0,1.0
128.0,0.0,0.0,0.0,0.0,0.0,0.0,80.0,0.5,0.0,6.8,16.0,114.0,130.0,0.0,0.0,126.0,124.0,125.0,1.0,1.0,3.0
132.0,0.006,0.0,0.008,0.001,0.0,0.001,30.0,1.5,0.0,7.9,102.0,61.0,163.0,4.0,0.0,145.0,124.0,131.0,96.0,1.0,1.0
138.0,0.014,0.0,0.003,0.0,0.0,0.0,51.0,1.0,0.0,2.7,64.0,107.0,171.0,3.0,1.0,147.0,148.0,149.0,6.0,0.0,1.0
133.0,0.0,0.004,0.006,0.0,0.0,0.0,73.0,1.6,14.0,3.2,32.0,123.0,155.0,3.0,0.0,136.0,133.0,137.0,1.0,0.0,1.0
131.0,0.007,0.0,0.007,0.005,0.0,0.0,42.0,0.9,0.0,3.2,79.0,74.0,153.0,2.0,0.0,142.0,136.0,142.0,24.0,1.0,1.0
159.0,0.001,0.0,0.008,0.0,0.0,0.0,57.0,0.5,8.0,9.1,40.0,148.0,188.0,0.0,0.0,167.0,169.0,170.0,5.0,0.0,2.0
123.0,0.0,0.0,0.0,0.0,0.0,0.0,32.0,1.1,0.0,16.9,76.0,66.0,142.0,3.0,0.0,125.0,125.0,125.0,4.0,1.0,1.0
124.0,0.005,0.015,0.002,0.0,0.0,0.0,46.0,0.8,0.0,7.5,52.0,90.0,142.0,4.0,0.0,129.0,130.0,131.0,2.0,1.0,1.0
125.0,0.0,0.001,0.007,0.007,0.0,0.0,61.0,1.8,0.0,5.1,73.0,74.0,147.0,4.0,0.0,130.0,117.0,125.0,26.0,1.0,1.0
150.0,0.0,0.0,0.003,0.0,0.0,0.0,61.0,0.9,3.0,8.7,28.0,138.0,166.0,0.0,0.0,152.0,153.0,155.0,3.0,0.0,2.0
142.0,0.001,0.0,0.008,0.007,0.0,0.0,41.0,1.2,22.0,5.3,115.0,67.0,182.0,1.0,0.0,157.0,140.0,149.0,73.0,1.0,1.0
140.0,0.008,0.005,0.0,0.0,0.0,0.0,53.0,1.5,0.0,12.9,104.0,68.0,172.0,2.0,0.0,146.0,147.0,147.0,12.0,1.0,1.0
140.0,0.0,0.0,0.008,0.006,0.0,0.0,35.0,4.0,0.0,23.1,127.0,50.0,177.0,9.0,1.0,143.0,137.0,143.0,27.0,1.0,1.0
148.0,0.002,0.0,0.006,0.0,0.0,0.0,54.0,0.7,15.0,9.0,52.0,115.0,167.0,7.0,1.0,153.0,152.0,154.0,3.0,1.0,1.0
127.0,0.008,0.0,0.007,0.003,0.0,0.0,22.0,2.1,0.0,22.7,119.0,63.0,182.0,6.0,0.0,131.0,133.0,135.0,32.0,0.0,1.0
131.0,0.0,0.375,0.0,0.0,0.0,0.004,80.0,0.3,0.0,7.6,49.0,96.0,145.0,3.0,0.0,108.0,125.0,128.0,45.0,1.0,3.0
142.0,0.0,0.0,0.008,0.0,0.0,0.0,58.0,0.4,22.0,6.3,13.0,145.0,158.0,0.0,0.0,153.0,151.0,153.0,0.0,0.0,1.0
142.0,0.0,0.0,0.003,0.014,0.0,0.0,14.0,4.5,0.0,0.0,125.0,53.0,178.0,14.0,3.0,97.0,115.0,115.0,85.0,0.0,1.0
133.0,0.001,0.0,0.007,0.004,0.0,0.0,27.0,1.7,13.0,11.4,95.0,82.0,177.0,4.0,0.0,147.0,133.0,138.0,43.0,0.0,1.0
123.0,0.01,0.001,0.003,0.0,0.0,0.0,55.0,2.0,0.0,1.1,75.0,85.0,160.0,6.0,0.0,140.0,134.0,138.0,10.0,1.0,1.0
143.0,0.0,0.001,0.0,0.0,0.0,0.0,57.0,0.6,5.0,10.4,98.0,74.0,172.0,2.0,0.0,150.0,148.0,150.0,1.0,1.0,1.0
132.0,0.0,0.0,0.009,0.002,0.0,0.0,30.0,1.2,0.0,14.6,55.0,95.0,150.0,1.0,1.0,133.0,128.0,132.0,12.0,0.0,1.0
122.0,0.004,0.0,0.002,0.0,0.0,0.0,25.0,1.5,0.0,8.3,44.0,104.0,148.0,5.0,0.0,126.0,125.0,126.0,4.0,0.0,1.0
144.0,0.001,0.0,0.004,0.0,0.0,0.0,44.0,0.8,2.0,11.9,33.0,135.0,168.0,4.0,0.0,162.0,157.0,160.0,5.0,1.0,2.0
143.0,0.0,0.0,0.003,0.0,0.0,0.0,67.0,0.4,6.0,9.6,26.0,133.0,159.0,1.0,0.0,144.0,144.0,145.0,1.0,0.0,1.0
141.0,0.001,0.0,0.005,0.0,0.0,0.0,25.0,1.5,0.0,13.4,103.0,74.0,177.0,10.0,0.0,142.0,143.0,144.0,4.0,1.0,1.0
133.0,0.003,0.0,0.007,0.0,0.0,0.0,52.0,0.7,1.0,9.2,67.0,94.0,161.0,4.0,0.0,136.0,137.0,138.0,2.0,0.0,1.0
142.0,0.004,0.041,0.003,0.004,0.0,0.001,66.0,3.2,0.0,0.5,106.0,69.0,175.0,10.0,0.0,138.0,112.0,146.0,98.0,1.0,1.0
130.0,0.002,0.004,0.007,0.003,0.0,0.0,52.0,3.0,0.0,5.6,69.0,87.0,156.0,4.0,0.0,139.0,129.0,135.0,15.0,1.0,1.0
138.0,0.001,0.003,0.006,0.01,0.0,0.0,52.0,2.6,0.0,2.4,104.0,60.0,164.0,4.0,0.0,135.0,124.0,135.0,48.0,1.0,1.0
130.0,0.002,0.009,0.0,0.0,0.0,0.0,46.0,1.2,0.0,16.2,95.0,60.0,155.0,8.0,0.0,136.0,133.0,135.0,8.0,1.0,1.0
142.0,0.013,0.0,0.008,0.0,0.0,0.0,41.0,1.0,0.0,0.7,44.0,134.0,178.0,4.0,0.0,149.0,152.0,152.0,5.0,0.0,1.0
112.0,0.002,0.0,0.006,0.003,0.0,0.0,17.0,2.0,0.0,11.6,66.0,78.0,144.0,3.0,1.0,112.0,109.0,111.0,9.0,0.0,1.0
127.0,0.0,0.0,0.005,0.0,0.0,0.0,22.0,1.5,0.0,12.3,91.0,107.0,198.0,5.0,1.0,135.0,132.0,134.0,3.0,-1.0,1.0
129.0,0.006,0.017,0.0,0.0,0.0,0.0,44.0,1.0,0.0,4.8,36.0,120.0,156.0,2.0,0.0,133.0,133.0,133.0,3.0,0.0,1.0
120.0,0.003,0.008,0.004,0.0,0.0,0.0,41.0,1.1,0.0,9.2,71.0,105.0,176.0,6.0,0.0,123.0,131.0,127.0,30.0,-1.0,1.0
132.0,0.001,0.0,0.005,0.002,0.0,0.0,28.0,1.3,0.0,13.3,79.0,76.0,155.0,3.0,2.0,140.0,135.0,138.0,11.0,1.0,1.0
130.0,0.009,0.0,0.004,0.0,0.0,0.0,67.0,1.1,0.0,1.0,45.0,112.0,157.0,5.0,0.0,137.0,136.0,138.0,2.0,0.0,1.0
125.0,0.005,0.002,0.006,0.006,0.0,0.0,60.0,1.9,0.0,6.7,90.0,74.0,164.0,6.0,1.0,130.0,121.0,124.0,26.0,0.0,1.0
158.0,0.005,0.0,0.008,0.0,0.0,0.0,29.0,1.3,0.0,12.8,55.0,142.0,197.0,4.0,0.0,170.0,171.0,172.0,9.0,0.0,1.0
124.0,0.01,0.0,0.007,0.001,0.0,0.0,34.0,1.0,0.0,3.1,42.0,106.0,148.0,1.0,0.0,126.0,130.0,130.0,7.0,0.0,1.0
144.0,0.006,0.005,0.002,0.0,0.0,0.0,33.0,1.7,0.0,21.5,103.0,71.0,174.0,5.0,1.0,150.0,149.0,151.0,10.0,1.0,1.0
122.0,0.002,0.0,0.0,0.002,0.0,0.0,17.0,2.0,0.0,18.8,46.0,102.0,148.0,2.0,0.0,119.0,123.0,123.0,8.0,0.0,1.0
133.0,0.001,0.0,0.006,0.0,0.0,0.0,50.0,0.8,5.0,11.3,57.0,94.0,151.0,3.0,0.0,136.0,136.0,137.0,1.0,1.0,1.0
133.0,0.0,0.0,0.001,0.008,0.0,0.0,37.0,1.3,4.0,14.6,81.0,71.0,152.0,4.0,0.0,136.0,130.0,136.0,24.0,1.0,1.0
135.0,0.007,0.002,0.006,0.0,0.0,0.0,60.0,1.0,0.0,5.2,40.0,123.0,163.0,0.0,0.0,148.0,142.0,145.0,7.0,0.0,1.0
120.0,0.004,0.0,0.009,0.002,0.0,0.0,50.0,1.6,7.0,8.1,118.0,53.0,171.0,7.0,2.0,125.0,126.0,127.0,14.0,0.0,1.0
142.0,0.002,0.0,0.007,0.0,0.0,0.0,44.0,0.7,42.0,7.3,39.0,119.0,158.0,4.0,0.0,147.0,146.0,148.0,1.0,1.0,1.0
120.0,0.009,0.091,0.002,0.0,0.0,0.0,36.0,1.8,0.0,10.9,124.0,53.0,177.0,6.0,0.0,163.0,152.0,160.0,42.0,1.0,1.0
123.0,0.001,0.0,0.006,0.0,0.0,0.0,39.0,0.8,12.0,8.9,28.0,113.0,141.0,2.0,0.0,126.0,126.0,127.0,1.0,0.0,1.0
133.0,0.007,0.235,0.007,0.002,0.0,0.0,28.0,1.6,0.0,9.7,87.0,71.0,158.0,2.0,0.0,141.0,137.0,141.0,11.0,1.0,1.0
127.0,0.007,0.0,0.007,0.005,0.0,0.0,14.0,3.3,0.0,6.3,124.0,67.0,191.0,8.0,0.0,129.0,125.0,130.0,45.0,0.0,1.0
131.0,0.0,0.0,0.005,0.007,0.0,0.0,32.0,2.2,12.0,6.1,108.0,59.0,167.0,6.0,1.0,143.0,125.0,137.0,91.0,1.0,1.0
129.0,0.0,0.001,0.005,0.008,0.0,0.002,65.0,2.9,0.0,0.0,101.0,50.0,151.0,6.0,2.0,105.0,84.0,111.0,12.0,0.0,3.0
120.0,0.006,0.109,0.007,0.0,0.0,0.0,27.0,3.7,0.0,24.2,144.0,51.0,195.0,11.0,0.0,125.0,124.0,126.0,24.0,0.0,1.0
136.0,0.0,0.004,0.008,0.007,0.0,0.001,64.0,2.2,0.0,3.0,85.0,67.0,152.0,5.0,0.0,134.0,119.0,131.0,45.0,1.0,1.0
125.0,0.011,0.0,0.0,0.0,0.0,0.0,37.0,1.6,0.0,12.2,126.0,68.0,194.0,3.0,1.0,127.0,133.0,134.0,12.0,0.0,1.0
151.0,0.0,0.002,0.0,0.0,0.0,0.0,81.0,0.4,28.0,6.6,34.0,130.0,164.0,2.0,0.0,152.0,152.0,153.0,1.0,0.0,3.0
130.0,0.005,0.469,0.005,0.004,0.0,0.001,29.0,1.7,0.0,7.8,112.0,65.0,177.0,6.0,1.0,133.0,129.0,133.0,27.0,0.0,1.0
120.0,0.0,0.008,0.0,0.0,0.0,0.0,51.0,0.7,15.0,7.4,21.0,109.0,130.0,1.0,1.0,123.0,121.0,123.0,0.0,0.0,1.0
145.0,0.013,0.028,0.001,0.0,0.0,0.0,41.0,1.1,0.0,11.4,125.0,62.0,187.0,4.0,0.0,167.0,164.0,166.0,11.0,1.0,1.0
135.0,0.0,0.003,0.0,0.0,0.0,0.0,59.0,0.5,16.0,8.5,40.0,113.0,153.0,4.0,0.0,139.0,139.0,140.0,1.0,0.0,1.0
146.0,0.0,0.0,0.002,0.001,0.0,0.0,53.0,0.7,44.0,8.1,70.0,93.0,163.0,4.0,1.0,157.0,152.0,156.0,8.0,1.0,2.0
143.0,0.003,0.007,0.0,0.001,0.0,0.0,50.0,1.1,3.0,12.2,126.0,74.0,200.0,8.0,0.0,148.0,147.0,149.0,4.0,0.0,1.0
130.0,0.015,0.115,0.0,0.0,0.0,0.0,31.0,2.6,0.0,14.0,120.0,50.0,170.0,12.0,0.0,157.0,151.0,156.0,24.0,1.0,1.0
130.0,0.009,0.0,0.005,0.005,0.0,0.0,51.0,1.5,0.0,5.0,101.0,77.0,178.0,7.0,0.0,130.0,135.0,137.0,39.0,0.0,1.0
123.0,0.017,0.0,0.002,0.0,0.0,0.0,24.0,2.2,0.0,1.7,52.0,100.0,152.0,1.0,0.0,136.0,133.0,135.0,5.0,0.0,1.0
140.0,0.0,0.0,0.006,0.001,0.0,0.0,79.0,0.5,26.0,7.0,21.0,129.0,150.0,1.0,0.0,145.0,142.0,145.0,2.0,1.0,1.0
114.0,0.008,0.058,0.007,0.001,0.0,0.0,28.0,2.2,0.0,12.2,98.0,55.0,153.0,7.0,1.0,119.0,119.0,120.0,13.0,0.0,1.0
144.0,0.0,0.002,0.0,0.0,0.0,0.0,75.0,0.3,58.0,4.0,10.0,144.0,154.0,2.0,0.0,151.0,150.0,152.0,0.0,1.0,2.0
131.0,0.001,0.0,0.003,0.0,0.0,0.0,29.0,1.0,0.0,12.4,27.0,122.0,149.0,0.0,0.0,136.0,136.0,138.0,2.0,0.0,1.0
144.0,0.0,0.0,0.007,0.0,0.0,0.0,36.0,0.8,2.0,10.4,27.0,134.0,161.0,0.0,0.0,147.0,147.0,148.0,1.0,0.0,1.0
115.0,0.006,0.0,0.006,0.001,0.0,0.0,20.0,1.7,0.0,10.8,88.0,69.0,157.0,5.0,0.0,114.0,118.0,118.0,13.0,0.0,1.0
130.0,0.001,0.0,0.008,0.0,0.0,0.0,54.0,0.6,6.0,8.7,30.0,116.0,146.0,2.0,0.0,133.0,133.0,134.0,1.0,0.0,1.0
148.0,0.005,0.0,0.002,0.0,0.0,0.0,40.0,0.9,0.0,10.6,35.0,136.0,171.0,1.0,0.0,153.0,155.0,156.0,4.0,0.0,1.0
122.0,0.002,0.0,0.002,0.0,0.0,0.001,31.0,1.2,1.0,8.3,60.0,87.0,147.0,2.0,1.0,120.0,119.0,123.0,9.0,0.0,1.0
145.0,0.0,0.0,0.003,0.0,0.0,0.0,51.0,0.6,13.0,8.3,24.0,141.0,165.0,1.0,0.0,153.0,152.0,153.0,1.0,0.0,2.0
132.0,0.007,0.0,0.01,0.011,0.0,0.0,56.0,2.8,0.0,0.0,116.0,70.0,186.0,5.0,0.0,106.0,115.0,133.0,113.0,-1.0,1.0
136.0,0.007,0.0,0.007,0.001,0.0,0.0,42.0,0.7,3.0,4.2,47.0,112.0,159.0,0.0,0.0,145.0,143.0,145.0,3.0,1.0,1.0
127.0,0.01,0.003,0.0,0.0,0.0,0.0,34.0,1.2,0.0,3.6,119.0,62.0,181.0,6.0,0.0,133.0,139.0,135.0,26.0,0.0,1.0
134.0,0.009,0.001,0.01,0.006,0.0,0.0,60.0,1.2,0.0,0.0,109.0,80.0,189.0,8.0,0.0,156.0,145.0,154.0,69.0,1.0,1.0
138.0,0.009,0.0,0.008,0.001,0.0,0.0,51.0,1.2,0.0,3.1,98.0,73.0,171.0,9.0,0.0,148.0,145.0,148.0,14.0,1.0,1.0
133.0,0.002,0.0,0.007,0.0,0.0,0.0,52.0,0.7,2.0,8.6,38.0,113.0,151.0,1.0,1.0,136.0,136.0,137.0,1.0,0.0,1.0
123.0,0.0,0.002,0.0,0.0,0.0,0.0,70.0,0.3,54.0,6.8,31.0,100.0,131.0,0.0,0.0,123.0,121.0,123.0,1.0,1.0,3.0
123.0,0.002,0.0,0.006,0.0,0.0,0.0,38.0,0.9,13.0,8.0,24.0,117.0,141.0,1.0,0.0,126.0,127.0,128.0,1.0,0.0,1.0
110.0,0.003,0.002,0.007,0.007,0.0,0.002,68.0,3.0,0.0,0.0,133.0,60.0,193.0,6.0,0.0,91.0,84.0,94.0,45.0,-1.0,3.0
143.0,0.0,0.0,0.001,0.0,0.0,0.0,69.0,0.3,8.0,9.9,27.0,132.0,159.0,1.0,0.0,146.0,145.0,146.0,1.0,0.0,1.0
122.0,0.006,0.0,0.003,0.0,0.0,0.0,20.0,2.0,0.0,9.9,43.0,108.0,151.0,0.0,0.0,131.0,129.0,130.0,4.0,0.0,1.0
143.0,0.0,0.0,0.0,0.0,0.0,0.0,65.0,0.5,24.0,10.4,111.0,56.0,167.0,4.0,0.0,143.0,144.0,145.0,1.0,1.0,2.0
142.0,0.003,0.048,0.003,0.006,0.0,0.001,66.0,3.5,0.0,0.3,143.0,67.0,210.0,7.0,0.0,142.0,108.0,147.0,85.0,0.0,1.0
127.0,0.014,0.026,0.002,0.0,0.0,0.0,35.0,2.2,0.0,5.7,113.0,61.0,174.0,13.0,1.0,133.0,143.0,143.0,39.0,1.0,1.0
138.0,0.011,0.0,0.005,0.0,0.0,0.0,57.0,0.7,0.0,3.7,48.0,135.0,183.0,3.0,0.0,152.0,160.0,161.0,21.0,1.0,1.0
128.0,0.0,0.006,0.009,0.01,0.0,0.0,63.0,2.7,0.0,1.3,96.0,64.0,160.0,6.0,1.0,129.0,111.0,128.0,21.0,0.0,1.0
134.0,0.005,0.0,0.006,0.004,0.0,0.0,62.0,1.1,0.0,4.9,83.0,90.0,173.0,5.0,0.0,142.0,142.0,146.0,15.0,0.0,1.0
146.0,0.004,0.0,0.005,0.003,0.0,0.0,29.0,1.2,1.0,7.0,62.0,107.0,169.0,2.0,2.0,150.0,147.0,149.0,7.0,0.0,1.0
127.0,0.0,0.0,0.005,0.0,0.0,0.0,21.0,1.7,0.0,12.4,37.0,114.0,151.0,4.0,0.0,128.0,130.0,131.0,2.0,0.0,1.0
141.0,0.0,0.0,0.003,0.0,0.0,0.0,61.0,0.4,22.0,6.9,19.0,133.0,152.0,1.0,0.0,144.0,143.0,145.0,0.0,0.0,2.0
130.0,0.016,0.084,0.002,0.0,0.0,0.0,34.0,2.1,0.0,3.0,132.0,50.0,182.0,8.0,0.0,159.0,151.0,155.0,25.0,1.0,1.0
142.0,0.003,0.05,0.002,0.006,0.0,0.001,66.0,3.3,0.0,0.3,113.0,67.0,180.0,7.0,0.0,141.0,111.0,147.0,90.0,1.0,1.0
138.0,0.0,0.012,0.002,0.002,0.0,0.0,60.0,0.5,32.0,6.8,56.0,103.0,159.0,4.0,0.0,151.0,144.0,145.0,9.0,1.0,2.0
142.0,0.0,0.0,0.002,0.0,0.0,0.0,31.0,1.2,0.0,24.1,67.0,94.0,161.0,2.0,0.0,151.0,145.0,148.0,10.0,1.0,1.0
137.0,0.006,0.002,0.005,0.003,0.0,0.0,58.0,1.5,0.0,5.2,109.0,69.0,178.0,5.0,1.0,148.0,143.0,150.0,49.0,1.0,1.0
142.0,0.009,0.0,0.007,0.0,0.0,0.0,43.0,0.9,0.0,6.1,46.0,127.0,173.0,3.0,0.0,149.0,149.0,150.0,4.0,0.0,1.0
125.0,0.008,0.015,0.001,0.0,0.0,0.0,48.0,0.8,0.0,4.9,63.0,82.0,145.0,9.0,0.0,133.0,132.0,133.0,3.0,1.0,1.0
142.0,0.0,0.005,0.0,0.0,0.0,0.0,57.0,0.8,32.0,14.5,100.0,56.0,156.0,10.0,0.0,144.0,142.0,144.0,3.0,1.0,1.0
145.0,0.0,0.0,0.002,0.0,0.0,0.0,49.0,0.6,3.0,11.6,27.0,140.0,167.0,0.0,0.0,159.0,156.0,158.0,3.0,1.0,2.0
116.0,0.002,0.038,0.005,0.0,0.0,0.0,40.0,1.6,1.0,13.3,93.0,55.0,148.0,6.0,0.0,127.0,124.0,127.0,9.0,1.0,1.0
144.0,0.001,0.0,0.005,0.0,0.0,0.0,43.0,0.8,1.0,10.2,45.0,129.0,174.0,0.0,0.0,155.0,154.0,156.0,2.0,0.0,1.0
135.0,0.007,0.0,0.008,0.005,0.0,0.0,23.0,1.8,0.0,8.8,112.0,60.0,172.0,6.0,2.0,139.0,137.0,140.0,20.0,1.0,1.0
115.0,0.006,0.0,0.007,0.0,0.0,0.0,24.0,1.4,0.0,13.0,51.0,102.0,153.0,0.0,0.0,112.0,120.0,121.0,16.0,0.0,1.0
146.0,0.0,0.007,0.0,0.0,0.0,0.0,65.0,0.5,32.0,9.5,33.0,133.0,166.0,4.0,0.0,153.0,151.0,154.0,1.0,0.0,2.0
131.0,0.004,0.003,0.004,0.005,0.0,0.001,60.0,2.1,0.0,0.9,90.0,78.0,168.0,8.0,0.0,133.0,127.0,132.0,21.0,0.0,1.0
133.0,0.003,0.0,0.007,0.002,0.0,0.0,28.0,1.4,0.0,15.9,54.0,109.0,163.0,3.0,0.0,140.0,138.0,139.0,9.0,0.0,1.0
157.0,0.008,0.0,0.003,0.0,0.0,0.0,49.0,0.7,0.0,3.3,38.0,154.0,192.0,2.0,0.0,161.0,167.0,166.0,9.0,-1.0,1.0
135.0,0.002,0.0,0.003,0.0,0.0,0.0,64.0,0.6,0.0,10.2,41.0,119.0,160.0,3.0,0.0,147.0,141.0,143.0,7.0,0.0,1.0
152.0,0.0,0.0,0.004,0.0,0.0,0.0,59.0,0.5,62.0,9.5,38.0,126.0,164.0,3.0,1.0,160.0,157.0,159.0,2.0,1.0,2.0
130.0,0.0,0.009,0.006,0.0,0.0,0.0,72.0,2.6,5.0,1.5,27.0,124.0,151.0,1.0,0.0,130.0,127.0,131.0,1.0,-1.0,1.0
139.0,0.002,0.007,0.0,0.0,0.0,0.0,55.0,0.8,8.0,8.9,63.0,127.0,190.0,7.0,1.0,144.0,146.0,147.0,4.0,-1.0,2.0
133.0,0.0,0.001,0.006,0.001,0.0,0.002,60.0,3.1,0.0,9.5,105.0,60.0,165.0,7.0,0.0,93.0,98.0,107.0,57.0,0.0,3.0
136.0,0.009,0.008,0.0,0.0,0.0,0.0,46.0,1.3,0.0,6.9,149.0,51.0,200.0,12.0,0.0,144.0,145.0,147.0,8.0,0.0,1.0
122.0,0.004,0.0,0.003,0.0,0.0,0.0,20.0,2.0,0.0,10.2,42.0,104.0,146.0,0.0,0.0,131.0,128.0,130.0,4.0,0.0,1.0
120.0,0.003,0.017,0.004,0.0,0.0,0.0,50.0,0.7,6.0,7.2,94.0,60.0,154.0,2.0,0.0,123.0,126.0,125.0,7.0,1.0,1.0
133.0,0.001,0.0,0.009,0.003,0.0,0.003,61.0,2.6,0.0,0.0,132.0,52.0,184.0,7.0,0.0,125.0,96.0,102.0,108.0,0.0,3.0
120.0,0.0,0.0,0.002,0.008,0.0,0.002,64.0,1.3,0.0,0.0,77.0,69.0,146.0,8.0,0.0,86.0,98.0,100.0,38.0,0.0,3.0
119.0,0.003,0.0,0.004,0.001,0.0,0.0,26.0,1.4,23.0,6.3,88.0,72.0,160.0,1.0,1.0,126.0,123.0,126.0,7.0,0.0,1.0
120.0,0.0,0.0,0.005,0.011,0.0,0.0,60.0,1.6,0.0,9.0,85.0,69.0,154.0,4.0,1.0,86.0,105.0,105.0,75.0,0.0,3.0
